time alt
0.0 0.0
0.0050039494470774095 0.0
0.010007898894154819 -0.00024525
0.015011848341232228 -0.0007357500217483828
0.020015797788309638 -0.0014608287210813448
0.02501974723538705 -0.0024098147435788293
0.030023696682464455 -0.0035720366830460765
0.035027646129541866 -0.004936823040241379
0.040031595576619276 -0.00626054905829744
0.04503554502369669 -0.007299561380204168
0.0500394944707741 -0.007810159252402587
0.05504344391785151 -0.00754857584472166
0.06004739336492891 -0.006270959681999573
0.06505134281200632 -0.003733356182820563
0.07005529225908373 0.00030831069911500765
0.07505924170616114 0.00609825673538582
0.08006319115323855 0.01388085558932741
0.08506714060031596 0.02390065689283162
0.09007109004739337 0.03621469296758512
0.09507503949447078 0.050880038075275254
0.1000789889415482 0.06795380918746848
0.1050829383886256 0.08749316675050271
0.11008688783570302 0.10955531544540911
0.11509083728278043 0.13419750494287822
0.12009478672985782 0.16147703065328442
0.12509873617693523 0.19145123447178222
0.13010268562401264 0.22417750551848653
0.13510663507109005 0.2597132808737491
0.14011058451816746 0.2980400117511274
0.14511453396524487 0.3391391260366073
0.15011848341232228 0.3829920284946351
0.1551224328593997 0.4295801009741338
0.1601263823064771 0.47888470261449434
0.16513033175355452 0.5308871700515316
0.17013428120063193 0.5855688176233956
0.17513823064770934 0.6429109375764277
0.18014218009478675 0.7028948002709515
0.18514612954186416 0.7655016543869906
0.19015007898894157 0.8307318892156144
0.19515402843601898 0.8985858891418881
0.2001579778830964 0.9690640336386036
0.2051619273301738 1.04216669726005
0.2101658767772512 1.1178942496358266
0.21516982622432862 1.1962470554646947
0.22017377567140603 1.277225474508473
0.22517772511848344 1.3608298615859726
0.23018167456556085 1.447060566566974
0.23518562401263826 1.5359179343662457
0.24018957345971564 1.6274042645095803
0.24519352290679305 1.721521853211678
0.25019747235387046 1.8182729933615813
0.2552014218009479 1.9176599745081142
0.2602053712480253 2.019685082845328
0.2652093206951027 2.12435060119795
0.2702132701421801 2.231658809006838
0.27521721958925754 2.341611982314442
0.2802211690363349 2.4542123937502693
0.28522511848341237 2.569462312516355
0.29022906793048975 2.687367597766253
0.2952330173775672 2.8079341081988485
0.30023696682464457 2.931167702033847
0.305240916271722 3.0570742369871695
0.3102448657187994 3.1856595702462647
0.31524881516587683 3.316929558445329
0.3202527646129542 3.450890057640444
0.3252567140600316 3.587546923284621
0.33026066350710903 3.7269060102027614
0.3352646129541864 3.8689731725665313
0.34026856240126385 4.013751400749133
0.34527251184834123 4.161243682029967
0.3502764612954187 4.31145300057697
0.35528041074249606 4.46438233742893
0.3602843601895735 4.6200346704778115
0.3652883096366509 4.778412974451067
0.3702922590837283 4.939520220893937
0.3752962085308057 5.103359378151755
0.38030015797788314 5.269929911820761
0.3853041074249605 5.439231281378861
0.39030805687203796 5.611262940184676
0.39531200631911534 5.786024335476656
0.4003159557661928 5.963514908372249
0.40531990521327016 6.14373409386714
0.4103238546603476 6.3266813208345445
0.415327804107425 6.512356012024573
0.4203317535545024 6.700757584063653
0.4253357030015798 6.891885447454012
0.43033965244865724 7.0857409392076836
0.4353436018957346 7.282325391760806
0.44034755134281206 7.481640132962975
0.44535150078988944 7.6836864860666205
0.4503554502369669 7.888465769716413
0.45535939968404426 8.095979297938714
0.4603633491311217 8.306228380131039
0.4653672985781991 8.519214321051567
0.4703712480252765 8.734938420808682
0.4753751974723539 8.953401974850534
0.4803791469194313 9.174603629169896
0.4853830963665087 9.398542023000799
0.4903870458135861 9.62521578882314
0.49539099526066355 9.854623552367368
0.5003949447077409 10.08676393261923
0.5053988941548183 10.321635541824605
0.5104028436018958 10.559236985494408
0.5154067930489732 10.799566862409554
0.5204107424960506 11.04262376462601
0.525414691943128 11.28840627747991
0.5304186413902054 11.536912709779667
0.5354225908372828 11.788141363419214
0.5404265402843602 12.042090533385124
0.5454304897314376 12.298758507763806
0.5504344391785151 12.55814356774877
0.5554383886255925 12.820243987647979
0.5604423380726699 13.085058034891263
0.5654462875197472 13.352583970037815
0.5704502369668247 13.622820046783753
0.5754541864139021 13.89576451196977
0.5804581358609795 14.171416541637168
0.5854620853080569 14.449775305675601
0.5904660347551344 14.730839967824911
0.5954699842022118 15.014609685677028
0.6004739336492891 15.301083610677937
0.6054778830963665 15.59026088812971
0.610481832543444 15.882140657192597
0.6154857819905214 16.17672205088719
0.6204897314375988 16.474004196096633
0.6254936808846762 16.77398621356892
0.6304976303317537 17.076664383958196
0.635501579778831 17.382034979769845
0.6405055292259084 17.690094265383046
0.6455094786729858 18.0008384970734
0.6505134281200632 18.314263923035636
0.6555173775671407 18.630366783406405
0.6605213270142181 18.949143310287155
0.6655252764612954 19.27058972776708
0.6705292259083728 19.594702251946156
0.6755331753554503 19.92147709095825
0.6805371248025277 20.25091142097113
0.6855410742496051 20.583002410896707
0.6905450236966825 20.917747222406895
0.69554897314376 21.255143009949546
0.7005529225908373 21.595186920764466
0.7055568720379147 21.937876094899504
0.7105608214849921 22.28320766522671
0.7155647709320696 22.631178757458567
0.720568720379147 22.981786490164303
0.7255726698262244 23.335027974786264
0.7305766192733018 23.690899059176118
0.7355805687203792 24.049395583272634
0.7405845181674566 24.41051337912804
0.745588467614534 24.77424827093443
0.7505924170616114 25.14059607505026
0.7555963665086889 25.50955260002692
0.7606003159557663 25.881113646635352
0.7656042654028437 26.25527500789276
0.770608214849921 26.632032644544033
0.7756121642969985 27.011382509743708
0.7806161137440759 27.39332054908145
0.7856200631911533 27.77784270060761
0.7906240126382307 28.164944894858838
0.7956279620853082 28.554623054883777
0.8006319115323856 28.946873096268817
0.8056358609794629 29.341690927163906
0.8106398104265403 29.73907244830843
0.8156437598736177 30.139013553057165
0.8206477093206952 30.54150626998713
0.8256516587677726 30.946542618057002
0.83065560821485 31.354114606668862
0.8356595576619273 31.764214235729973
0.8406635071090048 32.1768334957146
0.8456674565560822 32.59196436772579
0.8506714060031596 33.00959882355727
0.855675355450237 33.42972882575528
0.8606793048973145 33.852346327680436
0.8656832543443919 34.27744327356967
0.8706872037914692 34.705008728509306
0.8756911532385466 35.13503174701809
0.8806951026856241 35.56750137314148
0.8856990521327015 36.002406640545836
0.8907030015797789 36.43973657261256
0.8957069510268563 36.8794801825322
0.9007109004739338 37.32162647339846
0.9057148499210111 37.766164438302155
0.9107187993680885 38.21308306042508
0.9157227488151659 38.66237131313381
0.9207266982622434 39.11402228760125
0.9257306477093208 39.56802906741374
0.9307345971563982 40.02438472862034
0.9357385466034756 40.483082339782165
0.940742496050553 40.94411496202169
0.9457464454976304 41.407475649072076
0.9507503949447078 41.873157447326484
0.9557543443917852 42.34115339588744
0.9607582938388626 42.81145652661612
0.9657622432859401 43.28405986418173
0.9707661927330175 43.75895307790871
0.9757701421800948 44.23612582850093
0.9807740916271722 44.71556776812584
0.9857780410742497 45.19726854049841
0.9907819905213271 45.68121778096518
0.9957859399684045 46.16740511658798
1.0007898894154819 46.6558201662278
1.0057938388625594 47.14645254062838
1.0107977883096366 47.63929184249982
1.0158017377567141 48.134327666602026
1.0208056872037916 48.63154669985389
1.0258096366508689 49.13093562021753
1.0308135860979464 49.63248109681678
1.0358175355450239 50.13616979005557
1.0408214849921011 50.64198835173595
1.0458254344391786 51.149923425176034
1.050829383886256 51.659961645327606
1.0558333333333334 52.17208963889354
1.060837282780411 52.686294024444976
1.0658412322274882 53.202561412538266
1.0708451816745657 53.72087981603482
1.0758491311216432 54.24123724050296
1.0808530805687204 54.763621684316604
1.085857030015798 55.28802113875368
1.0908609794628752 55.8144235880944
1.0958649289099527 56.342817009719326
1.1008688783570302 56.873189374207215
1.1058728278041074 57.40552864543268
1.110876777251185 57.93982278066364
1.1158807266982624 58.476059730658555
1.1208846761453397 59.01422556650593
1.1258886255924172 59.55430635242801
1.1308925750394945 60.09628814590058
1.135896524486572 60.64015699777243
1.1409004739336495 61.18589895238452
1.1459044233807267 61.733500047688835
1.1509083728278042 62.28294631536691
1.1559123222748815 62.83422378094803
1.160916271721959 63.38732218247806
1.1659202211690365 63.94223125301073
1.1709241706161138 64.49894072068176
1.1759281200631913 65.05744030878282
1.1809320695102687 65.61771973583528
1.185936018957346 66.17976871566391
1.1909399684044235 66.74357695747022
1.1959439178515008 67.30913416590583
1.2009478672985783 67.87643004114548
1.2059518167456558 68.44545427896006
1.210955766192733 69.01619756384737
1.2159597156398105 69.58865057625069
1.220963665086888 70.16280399262128
1.2259676145339653 70.73864848548078
1.2309715639810428 71.31617472348347
1.23597551342812 71.89537337147834
1.2409794628751976 72.4762350905711
1.245983412322275 73.05875053818589
1.2509873617693523 73.64291036812708
1.2559913112164298 74.2287052306406
1.2609952606635073 74.81612502315448
1.2659992101105846 75.40515963953796
1.271003159557662 75.9957989701697
1.2760071090047393 76.58803290200592
1.2810110584518168 77.18185131864826
1.2860150078988943 77.77724410041147
1.2910189573459716 78.37420112439091
1.296022906793049 78.97271226452989
1.3010268562401264 79.57276739168675
1.3060308056872039 80.17435637370183
1.3110347551342814 80.77747099367234
1.3160387045813586 81.38210303204359
1.3210426540284361 81.98824426665787
1.3260466034755136 82.59588647280326
1.331050552922591 83.20502142326221
1.3360545023696684 83.81564088836015
1.3410584518167457 84.42773663601383
1.3460624012638231 85.04130043177962
1.3510663507109006 85.65632403890156
1.356070300157978 86.27279921835945
1.3610742496050554 86.89071384381093
1.366078199052133 87.51005578641855
1.3710821484992102 88.13081291493445
1.3760860979462877 88.75297309578461
1.381090047393365 89.3765241931528
1.3860939968404424 90.00145406906431
1.39109794628752 90.62775058346921
1.3961018957345972 91.25540159432548
1.4011058451816747 91.88439495768166
1.4061097946287522 92.51471852775933
1.4111137440758295 93.14632698707597
1.416117693522907 93.77917501581602
1.4211216429699842 94.41321729260625
1.4261255924170617 95.0484084952865
1.4311295418641392 95.68470330167573
1.4361334913112165 96.32205639033349
1.441137440758294 96.96042244131648
1.4461413902053712 97.59975613693048
1.4511453396524487 98.24001216247737
1.4561492890995262 98.88114520699733
1.4611532385466035 99.52307093682776
1.466157187993681 100.16570502980204
1.4711611374407585 100.80896317763815
1.4761650868878358 101.45276108830991
1.4811690363349133 102.09701448840056
1.4861729857819905 102.7416391254385
1.491176935229068 103.3865507702151
1.4961808846761455 104.03166521908426
1.5011848341232228 104.67694020954384
1.5061887835703003 105.32233349345472
1.5111927330173778 105.96780283761102
1.516196682464455 106.61330602430571
1.5212006319115325 107.25880091116457
1.5262045813586098 107.90424529525765
1.5312085308056873 108.54959699468345
1.5362124802527648 109.19481384854772
1.541216429699842 109.83985371693825
1.5462203791469196 110.48467448089552
1.551224328593997 111.12926005772759
1.5562282780410743 111.77359437268358
1.5612322274881518 112.41766135893873
1.566236176935229 113.06144495757906
1.5712401263823066 113.70492911758524
1.576244075829384 114.34809779581609
1.5812480252764614 114.99093495699137
1.5862519747235388 115.63342457367406
1.5912559241706163 116.27555062625206
1.5962598736176936 116.91729710291928
1.601263823064771 117.55865803507537
1.6062677725118484 118.19962745692341
1.6112717219589259 118.84019940546247
1.6162756714060034 119.48036792048009
1.6212796208530806 120.12013321337584
1.6262835703001581 120.75949549528015
1.6312875197472354 121.39845497705471
1.636291469194313 122.03701186929293
1.6412954186413904 122.67516638232028
1.6462993680884677 123.31291872619482
1.6513033175355452 123.95026911070754
1.6563072669826227 124.58721774538277
1.6613112164297 125.22376483947866
1.6663151658767774 125.85991060198754
1.6713191153238547 126.49565524163636
1.6763230647709322 127.13099896688709
1.6813270142180097 127.76594198593715
1.686330963665087 128.4004845067198
1.6913349131121644 129.03462673690458
1.696338862559242 129.6683688838977
1.7013428120063192 130.30171115484242
1.7063467614533967 130.93465375661955
1.711350710900474 131.5671968958478
1.7163546603475515 132.1993407788841
1.721358609794629 132.8310856118242
1.7263625592417062 133.4624316005029
1.7313665086887837 134.09337895049455
1.7363704581358612 134.72392786711347
1.7413744075829385 135.35407855541425
1.746378357030016 135.9838312201922
1.7513823064770933 136.61318606598385
1.7563862559241707 137.2421432970672
1.7613902053712482 137.8707031174622
1.7663941548183255 138.49886573093113
1.771398104265403 139.126631340979
1.7764020537124803 139.75400015085398
1.7814060031595578 140.38097236354773
1.7864099526066353 141.00754818179587
1.7914139020537125 141.6337278080783
1.79641785150079 142.25951144461968
1.8014218009478675 142.8848992933897
1.8064257503949448 143.50989155610364
1.8114296998420223 144.1344884342226
1.8164336492890996 144.75869012895396
1.821437598736177 145.38249684125182
1.8264415481832545 146.00590877181733
1.8314454976303318 146.62892612109906
1.8364494470774093 147.2515490892934
1.8414533965244868 147.87377787634506
1.846457345971564 148.49561268194725
1.8514612954186416 149.11705370554225
1.8564652448657188 149.7381011463217
1.8614691943127963 150.358755203227
1.8664731437598738 150.97901607494967
1.871477093206951 151.5988839599318
1.8764810426540286 152.21835905636644
1.881484992101106 152.8374415621978
1.8864889415481834 153.45613167512187
1.8914928909952609 154.07442959258668
1.8964968404423381 154.69233551179266
1.9015007898894156 155.30984962969308
1.9065047393364931 155.92697214299437
1.9115086887835704 156.54370324815656
1.9165126382306479 157.16004314139357
1.9215165876777252 157.7759920186737
1.9265205371248026 158.39155007571986
1.9315244865718801 159.0067175080101
1.9365284360189574 159.62149451077784
1.941532385466035 160.23588127901232
1.9465363349131124 160.849878007459
1.9515402843601897 161.46348489061987
1.9565442338072672 162.07670212275377
1.9615481832543444 162.68952989787695
1.966552132701422 163.30196840976322
1.9715560821484994 163.91401785194444
1.9765600315955767 164.52567841771085
1.9815639810426542 165.1369503001115
1.9865679304897317 165.74783369195447
1.991571879936809 166.3583287858074
1.9965758293838864 166.96843577399778
2.0015797788309637 167.57815484861325
2.0065837282780414 168.18748620150208
2.0115876777251187 168.79643002427343
2.016591627172196 169.4049865082978
2.0215955766192732 170.01315584470737
2.026599526066351 170.62093822439627
2.0316034755134282 171.22833383802106
2.0366074249605055 171.835342876001
2.0416113744075832 172.44196552851844
2.0466153238546605 173.04820198551923
2.0516192733017378 173.65405243671296
2.0566232227488155 174.25951707157344
2.0616271721958928 174.86459607933895
2.06663112164297 175.46928964901267
2.0716350710900477 176.07359796936296
2.076639020537125 176.6775212289238
2.0816429699842023 177.2810596159951
2.0866469194312796 177.884213318643
2.0916508688783573 178.4869825247003
2.0966548183254345 179.08936742176678
2.101658767772512 179.69136819720956
2.1066627172195895 180.29298503816338
2.111666666666667 180.89421813153106
2.116670616113744 181.4950676639838
2.121674565560822 182.09553382196145
2.126678515007899 182.695616791673
2.1316824644549763 183.29531675909675
2.136686413902054 183.89463390998085
2.1416903633491313 184.49356842984352
2.1466943127962086 185.09212050397338
2.1516982622432863 185.69029031742986
2.1567022116903636 186.28807805504348
2.161706161137441 186.8854839014163
2.166710110584518 187.4825080409221
2.171714060031596 188.0791506577069
2.176718009478673 188.67541193568906
2.1817219589257504 189.27129205855988
2.186725908372828 189.86679120978377
2.1917298578199054 190.46190957259864
2.1967338072669826 191.05664733001626
2.2017377567140604 191.65100466482252
2.2067417061611376 192.24498175957785
2.211745655608215 192.8385787966175
2.2167496050552926 193.43179595805185
2.22175355450237 194.02463342576687
2.226757503949447 194.6170913814243
2.231761453396525 195.2091700064621
2.236765402843602 195.80086948209467
2.2417693522906794 196.39218998931327
2.2467733017377567 196.9831317088863
2.2517772511848344 197.57369482135968
2.2567812006319117 198.16387950705712
2.261785150078989 198.75368594608048
2.2667890995260667 199.3431143183101
2.271793048973144 199.93216480340513
2.276796998420221 200.5208375808038
2.281800947867299 201.10913282972385
2.286804897314376 201.69705072916273
2.2918088467614535 202.28459145789802
2.296812796208531 202.87175519448772
2.3018167456556085 203.45854211727058
2.3068206951026857 204.04495240436643
2.311824644549763 204.63098623367645
2.3168285939968407 205.21664378288355
2.321832543443918 205.80192522945268
2.3268364928909953 206.38683075063113
2.331840442338073 206.97136052344885
2.3368443917851502 207.5555147247188
2.3418483412322275 208.1392935310372
2.3468522906793052 208.72269711878394
2.3518562401263825 209.30572566412283
2.3568601895734598 209.88837934300196
2.3618641390205375 210.47065833115394
2.3668680884676148 211.05256280409628
2.371872037914692 211.63409293713173
2.3768759873617697 212.2152489053485
2.381879936808847 212.79603088362063
2.3868838862559243 213.37643904660837
2.3918878357030016 213.95647356875833
2.3968917851500793 214.53613462430394
2.4018957345971566 215.11542238726565
2.406899684044234 215.69433703145137
2.4119036334913115 216.2728787304566
2.416907582938389 216.85104765766494
2.421911532385466 217.4288439862482
2.426915481832544 218.0062678891669
2.431919431279621 218.58331953917042
2.4369233807266983 219.1599991087974
2.441927330173776 219.736306770376
2.4469312796208533 220.3122426960242
2.4519352290679306 220.8878070576502
2.456939178515008 221.46300002695256
2.4619431279620856 222.0378217754206
2.466947077409163 222.6122724743348
2.47195102685624 223.18635229476686
2.476954976303318 223.76006140758025
2.481958925750395 224.33339998343033
2.4869628751974724 224.90636819276475
2.49196682464455 225.4789662058237
2.4969707740916274 226.05119419264028
2.5019747235387046 226.6230523230407
2.5069786729857824 227.19454076664462
2.5119826224328596 227.7656596928655
2.516986571879937 228.33640927091088
2.5219905213270146 228.90678966978254
2.526994470774092 229.47680105827698
2.531998420221169 230.04644360498565
2.5370023696682464 230.6157174782952
2.542006319115324 231.18462284638784
2.5470102685624014 231.75315987724156
2.5520142180094787 232.3213287386305
2.5570181674565564 232.88912959812527
2.5620221169036337 233.45656262309305
2.567026066350711 234.02362798069808
2.5720300157977887 234.59032583790193
2.577033965244866 235.1566563614637
2.582037914691943 235.7226197179403
2.587041864139021 236.2882160736869
2.592045813586098 236.85344559485705
2.5970497630331755 237.41830844740306
2.6020537124802527 237.98280479707623
2.6070576619273305 238.54693480942717
2.6120616113744077 239.11069864980612
2.617065560821485 239.67409648336317
2.6220695102685627 240.23712847504856
2.62707345971564 240.799794789613
2.6320774091627173 241.36209559160793
2.637081358609795 241.9240310453858
2.6420853080568723 242.48560131510035
2.6470892575039495 243.04680656470697
2.6520932069510272 243.60764695796286
2.6570971563981045 244.16812265842734
2.662101105845182 244.72823382946223
2.6671050552922595 245.28798063423199
2.6721090047393368 245.84736323570414
2.677112954186414 246.4063817966494
2.6821169036334913 246.96503647964212
2.687120853080569 247.52332744706038
2.6921248025276463 248.08125486108645
2.6971287519747236 248.63881888370693
2.7021327014218013 249.1960196767131
2.7071366508688786 249.75285740170116
2.712140600315956 250.30933222007258
2.7171445497630335 250.86544429303422
2.722148499210111 251.4211937815988
2.727152448657188 251.976580846585
2.732156398104266 252.53160564861787
2.737160347551343 253.086268348129
2.7421642969984203 253.6405691053569
2.7471682464454976 254.1945080803471
2.7521721958925753 254.74808543295265
2.7571761453396526 255.3013013228342
2.76218009478673 255.85415590946036
2.7671840442338076 256.40664935210793
2.772187993680885 256.9587818098623
2.777191943127962 257.51055344161745
2.78219589257504 258.0619644060765
2.787199842022117 258.6130148617519
2.7922037914691944 259.16370496696544
2.797207740916272 259.71403487984895
2.8022116903633494 260.26400475834424
2.8072156398104267 260.81361476020356
2.8122195892575044 261.36286504298977
2.8172235387045816 261.91175576407653
2.822227488151659 262.46028708064875
2.827231437598736 263.0084591497027
2.832235387045814 263.5562721280463
2.837239336492891 264.1037261722996
2.8422432859399684 264.65082143889464
2.847247235387046 265.19755808407604
2.8522511848341234 265.7439362639011
2.8572551342812007 266.2899561342402
2.8622590837282784 266.8356178507768
2.8672630331753557 267.3809215690082
2.872266982622433 267.92586744424506
2.8772709320695107 268.47045563161237
2.882274881516588 269.0146862860493
2.887278830963665 269.55855956230965
2.8922827804107425 270.10207561496196
2.89728672985782 270.64523459838983
2.9022906793048975 271.1880366667922
2.9072946287519748 271.7304819741836
2.9122985781990525 272.2725706743944
2.9173025276461297 272.81430292107103
2.922306477093207 273.3556788676763
2.9273104265402847 273.89669866748966
2.932314375987362 274.4373624736073
2.9373183254344393 274.97767043894265
2.942322274881517 275.5176227162264
2.9473262243285943 276.0572194580069
2.9523301737756715 276.5964608166504
2.9573341232227492 277.13534694434117
2.9623380726698265 277.67387799308193
2.967342022116904 278.212054114694
2.972345971563981 278.74987546081763
2.9773499210110588 279.2873421829121
2.982353870458136 279.8244544322561
2.9873578199052133 280.36121235994796
2.992361769352291 280.89761611690585
2.9973657187993683 281.43366585386804
3.0023696682464456 281.9693617213932
3.0073736176935233 282.5047038698607
3.0123775671406006 283.0396924494705
3.017381516587678 283.574327610244
3.0223854660347556 284.1086095020236
3.027389415481833 284.6425382744737
3.03239336492891 285.1761140770801
3.037397314375988 285.7093370591511
3.042401263823065 286.24220736981704
3.0474052132701424 286.77472515803095
3.0524091627172196 287.30689057256865
3.0574131121642973 287.838703762029
3.0624170616113746 288.37016487483424
3.067421011058452 288.9012740592301
3.0724249605055296 289.4320314632861
3.077428909952607 289.9624372348957
3.082432859399684 290.4924915217767
3.087436808846762 291.0221944714715
3.092440758293839 291.55154623134706
3.0974447077409164 292.0805469485955
3.102448657187994 292.609196770234
3.1074526066350714 293.13749584310534
3.1124565560821487 293.6654443138779
3.117460505529226 294.193042329046
3.1224644549763036 294.72029003493026
3.127468404423381 295.24718757767755
3.132472353870458 295.77373510326146
3.137476303317536 296.2999327574824
3.142480252764613 296.825780685968
3.1474842022116905 297.3512790341732
3.152488151658768 297.8764279473805
3.1574921011058454 298.40122757070014
3.1624960505529227 298.92567804907065
3.1675000000000004 299.4497795272586
3.1725039494470777 299.97353214985924
3.177507898894155 300.4969360612964
3.1825118483412327 301.01999140582313
3.18751579778831 301.54269832752146
3.1925197472353872 302.06505697030303
3.1975236966824645 302.58706747790905
3.202527646129542 303.1087299939107
3.2075315955766195 303.63004466170923
3.2125355450236968 304.1510116245363
3.2175394944707745 304.6716310254542
3.2225434439178517 305.19190300735596
3.227547393364929 305.7118277129657
3.2325513428120067 306.23140528483884
3.237555292259084 306.75063586536226
3.2425592417061613 307.26951959675455
3.247563191153239 307.7880566210663
3.2525671406003163 308.3062470801803
3.2575710900473935 308.8240911158117
3.262575039494471 309.34158886950837
3.2675789889415485 309.8587404826509
3.272582938388626 310.37554609645304
3.277586887835703 310.89200585196187
3.282590837282781 311.408119890058
3.287594786729858 311.92388835145573
3.2925987361769353 312.43931137670336
3.297602685624013 312.9543891061834
3.3026066350710903 313.4691216801128
3.3076105845181676 313.98350923854304
3.3126145339652453 314.49755192136064
3.3176184834123226 315.0112498682871
3.3226224328594 315.52460321887924
3.3276263823064776 316.03761211252936
3.332630331753555 316.55027668846554
3.337634281200632 317.0625970857518
3.3426382306477094 317.57457344328844
3.347642180094787 318.086205899812
3.3526461295418644 318.59749459389576
3.3576500789889416 319.10843966394975
3.3626540284360193 319.6190412482211
3.3676579778830966 320.12929948479416
3.372661927330174 320.63921451159086
3.3776658767772516 321.1487864663707
3.382669826224329 321.65801548673124
3.387673775671406 322.166901710108
3.392677725118484 322.675445273775
3.397681674565561 323.1836463148447
3.4026856240126384 323.6915049702684
3.4076895734597157 324.1990213768364
3.4126935229067934 324.70619567117814
3.4176974723538707 325.2130279897625
3.422701421800948 325.71951846889806
3.4277053712480257 326.2256672447331
3.432709320695103 326.731474453256
3.43771327014218 327.23694023029543
3.442717219589258 327.7420647115205
3.447721169036335 328.2468480324411
3.4527251184834125 328.7512903284079
3.45772906793049 329.2553917346126
3.4627330173775674 329.75915238608843
3.4677369668246447 330.26257241771
3.4727409162717224 330.7656519641936
3.4777448657187997 331.2683911600975
3.482748815165877 331.7707901398222
3.4877527646129542 332.27284903761057
3.492756714060032 332.7745679875478
3.4977606635071092 333.2759471235621
3.5027646129541865 333.77698657942454
3.5077685624012642 334.2776864887494
3.5127725118483415 334.77804698499426
3.5177764612954188 335.2780682014604
3.5227804107424965 335.7777502712929
3.5277843601895738 336.27709332748077
3.532788309636651 336.77609750285717
3.5377922590837287 337.2747629300998
3.542796208530806 337.7730897417309
3.5478001579778833 338.2710780701176
3.5528041074249606 338.7687280474719
3.5578080568720383 339.26603980585105
3.5628120063191155 339.76301347715787
3.567815955766193 340.25964919314066
3.5728199052132705 340.7559470853936
3.577823854660348 341.2519072853568
3.582827804107425 341.7475299243168
3.587831753554503 342.24281513340634
3.59283570300158 342.7377630436049
3.5978396524486573 343.2323737857388
3.602843601895735 343.7266474904813
3.6078475513428123 344.220584288353
3.6128515007898896 344.7141843097218
3.6178554502369673 345.2074476848033
3.6228593996840446 345.70037454366087
3.627863349131122 346.1929650162059
3.632867298578199 346.68521923219805
3.637871248025277 347.1771373212453
3.642875197472354 347.6687194128043
3.6478791469194314 348.1599656361805
3.652883096366509 348.65087612052827
3.6578870458135864 349.14145099485125
3.6628909952606636 349.6316903880024
3.6678949447077414 350.1215944286844
3.6728988941548186 350.61116324544946
3.677902843601896 351.10039696670003
3.6829067930489736 351.58929572068854
3.687910742496051 352.0778596355178
3.692914691943128 352.5660888391413
3.6979186413902054 353.05398345936305
3.702922590837283 353.5415436238382
3.7079265402843604 354.0287694600729
3.7129304897314377 354.51566109542466
3.7179344391785154 355.0022186571025
3.7229383886255927 355.4884422721671
3.72794233807267 355.9743320675311
3.7329462875197477 356.4598881699592
3.737950236966825 356.94511070606825
3.742954186413902 357.42999980232776
3.74795813586098 357.9145555850597
3.752962085308057 358.398778180439
3.7579660347551345 358.8826677144936
3.762969984202212 359.3662243131046
3.7679739336492895 359.8494481020066
3.7729778830963667 360.3323392067876
3.777981832543444 360.8148977528895
3.7829857819905217 361.2971238656083
3.787989731437599 361.7790176700938
3.7929936808846763 362.2605792913505
3.797997630331754 362.7418088542372
3.8030015797788312 363.2227064834675
3.8080055292259085 363.7032723036098
3.8130094786729862 364.1835064390877
3.8180134281200635 364.66340901417993
3.8230173775671408 365.1429801530208
3.8280213270142185 365.6222199796001
3.8330252764612958 366.1011286177636
3.838029225908373 366.57970619121295
3.8430331753554503 367.05795282350596
3.848037124802528 367.5358686380569
3.8530410742496053 368.01345375813656
3.8580450236966826 368.49070830687236
3.8630489731437603 368.96763240724874
3.8680529225908376 369.4442261821072
3.873056872037915 369.92048975414644
3.8780608214849925 370.39642324592273
3.88306477093207 370.8720267798499
3.888068720379147 371.34730047819954
3.893072669826225 371.82224446310136
3.898076619273302 372.2968588565431
3.9030805687203793 372.771143780371
3.908084518167457 373.2450993562897
3.9130884676145343 373.7187257058626
3.9180924170616116 374.19202295051196
3.923096366508689 374.6649912115191
3.9281003159557666 375.1376306100247
3.933104265402844 375.60994126702866
3.938108214849921 376.0819233033906
3.943112164296999 376.55357683982993
3.948116113744076 377.0249019969259
3.9531200631911534 377.49589889511793
3.958124012638231 377.9665676547058
3.9631279620853084 378.4369083958497
3.9681319115323856 378.9069212385705
3.9731358609794634 379.37660630274985
3.9781398104265406 379.84596370813045
3.983143759873618 380.31499357431613
3.9881477093206956 380.78369602077214
3.993151658767773 381.25207116682515
3.99815560821485 381.7201191316636
4.003159557661927 382.18784003433774
4.008163507109005 382.6552339937599
4.013167456556083 383.12230112870463
4.01817140600316 383.5890415578088
4.023175355450237 384.05545539957194
4.028179304897314 384.5215427723562
4.033183254344392 384.98730379438666
4.03818720379147 385.4527385837515
4.0431911532385465 385.91784725840216
4.048195102685624 386.38262993615336
4.053199052132702 386.84708673468356
4.058203001579779 387.31121777153487
4.0632069510268565 387.7750231641134
4.068210900473934 388.23850302968924
4.073214849921011 388.7016574853968
4.078218799368089 389.16448664823497
4.0832227488151664 389.6269906350671
4.088226698262243 390.08916956262135
4.093230647709321 390.5510235474909
4.098234597156399 391.01255270613393
4.1032385466034755 391.4737571548739
4.108242496050553 391.93463700989975
4.113246445497631 392.3951923872659
4.118250394944708 392.8554234028927
4.1232543443917855 393.3153301725663
4.128258293838863 393.7749128119389
4.13326224328594 394.23417143652915
4.138266192733018 394.69310616172197
4.1432701421800955 395.15171710276894
4.148274091627172 395.6100043747884
4.15327804107425 396.0679680927655
4.158281990521328 396.5256083715526
4.163285939968405 396.98292532586925
4.168289889415482 397.4399190703024
4.173293838862559 397.8965897193066
4.178297788309637 398.35293738720407
4.1833017377567145 398.80896218818503
4.188305687203791 399.2646642363077
4.193309636650869 399.7200436454985
4.198313586097947 400.17510052955225
4.203317535545024 400.6298350021324
4.208321484992101 401.08424717677093
4.213325434439179 401.53833716686887
4.218329383886256 401.99210508569615
4.223333333333334 402.445551046392
4.228337282780411 402.89867516196483
4.233341232227488 403.3514775452927
4.238345181674566 403.8039583091233
4.243349131121644 404.25611756607407
4.24835308056872 404.70795542863254
4.253357030015798 405.1594720091564
4.258360979462876 405.6106674198735
4.263364928909953 406.06154177288226
4.26836887835703 406.5120951801517
4.273372827804108 406.96232775352155
4.278376777251185 407.41223960470256
4.283380726698263 407.86183084527653
4.28838467614534 408.3111015866965
4.293388625592417 408.760051940287
4.298392575039495 409.2086820172439
4.303396524486573 409.6569919286351
4.308400473933649 410.1049817854
4.313404423380727 410.55265169835036
4.318408372827805 411.0000017781699
4.323412322274882 411.4470321354148
4.328416271721959 411.8937428805137
4.333420221169036 412.34013412376777
4.338424170616114 412.78620597535115
4.343428120063192 413.2319585453108
4.3484320695102685 413.67739194356693
4.353436018957346 414.12250627991284
4.358439968404424 414.5673016640153
4.363443917851501 415.01177820541477
4.3684478672985785 415.4559360135252
4.373451816745656 415.89977519763465
4.378455766192733 416.343295866905
4.383459715639811 416.7864981303724
4.3884636650868885 417.22938209694735
4.393467614533965 417.67194787541473
4.398471563981043 418.1141955744341
4.403475513428121 418.55612530253984
4.4084794628751975 418.99773716814116
4.413483412322275 419.43903127952245
4.418487361769353 419.8800077448432
4.42349131121643 420.3206666721385
4.4284952606635075 420.76100816931864
4.433499210110585 421.2010323441699
4.438503159557662 421.6407393043542
4.44350710900474 422.0801291574095
4.4485110584518175 422.51920201074984
4.453515007898894 422.95795797166556
4.458518957345972 423.3963971473234
4.46352290679305 423.8345196447667
4.468526856240127 424.2723255709155
4.473530805687204 424.7098150325666
4.478534755134281 425.14698813639404
4.483538704581359 425.5838449889487
4.4885426540284366 426.0203856966591
4.493546603475513 426.4566103658309
4.498550552922591 426.8925191026475
4.503554502369669 427.3281120131701
4.508558451816746 427.76338920333757
4.513562401263823 428.19835077896704
4.518566350710901 428.63299684575367
4.523570300157978 429.06732750927097
4.528574249605056 429.50134287497093
4.533578199052133 429.9350430481841
4.53858214849921 430.36842813411994
4.543586097946288 430.8014982378665
4.548590047393366 431.23425346439114
4.553593996840442 431.66669391854026
4.55859794628752 432.09881970503966
4.563601895734598 432.53063092849453
4.568605845181675 432.96212769338973
4.573609794628752 433.39331010408984
4.57861374407583 433.8241782648393
4.583617693522907 434.25473227976266
4.588621642969985 434.68497225286455
4.593625592417062 435.11489828803
4.598629541864139 435.5445104890245
4.603633491311217 435.9738089594941
4.608637440758295 436.4027938029655
4.6136413902053715 436.83146512284645
4.618645339652449 437.2598230224256
4.623649289099526 437.68786760487285
4.628653238546604 438.11559897323934
4.633657187993681 438.5430172304576
4.638661137440758 438.97012247934185
4.643665086887836 439.3969148225879
4.648669036334914 439.8233943627735
4.6536729857819905 440.2495612023584
4.658676935229068 440.67541544368436
4.663680884676146 441.1009571889756
4.668684834123223 441.5261865403386
4.6736887835703005 441.9511035997624
4.678692733017378 442.3757084691188
4.683696682464455 442.8000012501624
4.688700631911533 443.2239820445306
4.6937045813586105 443.6476509537441
4.698708530805687 444.0710080792067
4.703712480252765 444.49405352220566
4.708716429699843 444.9167873839116
4.7137203791469195 445.3392097653789
4.718724328593997 445.76132076754567
4.723728278041075 446.1831204912339
4.728732227488152 446.6046090371497
4.7337361769352295 447.0257865058832
4.738740126382307 447.44665299790904
4.743744075829384 447.8672086135861
4.748748025276462 448.28745345315804
4.7537519747235395 448.70738761675307
4.758755924170616 449.1270112043843
4.763759873617694 449.5463243159499
4.768763823064771 449.965327051233
4.773767772511849 450.38401950990203
4.778771721958926 450.80240179151093
4.783775671406003 451.22047399549893
4.788779620853081 451.6382362211911
4.793783570300159 452.05568856779814
4.798787519747235 452.4728311344167
4.803791469194313 452.8896640200295
4.808795418641391 453.3061873235054
4.813799368088468 453.7224011435996
4.818803317535545 454.1383055789537
4.823807266982623 454.5539007280958
4.8288112164297 454.9691866894408
4.833815165876778 455.38416356129034
4.838819115323855 455.7988314418331
4.843823064770932 456.21319042914473
4.84882701421801 456.6272406211882
4.853830963665088 457.0409821158138
4.858834913112164 457.4544150107592
4.863838862559242 457.86753940364974
4.86884281200632 458.2803553919985
4.873846761453397 458.6928630732064
4.878850710900474 459.1050625445623
4.883854660347552 459.5169539032433
4.888858609794629 459.9285372463146
4.893862559241707 460.3398126707298
4.898866508688784 460.75078027333115
4.903870458135861 461.1614401508493
4.908874407582939 461.5717923999037
4.913878357030016 461.9818371170028
4.9188823064770935 462.3915743985439
4.923886255924171 462.8010043408136
4.928890205371248 463.21012703998764
4.933894154818326 463.61894259213113
4.938898104265403 464.0274510931988
4.94390205371248 464.43565263903486
4.948906003159558 464.8435473253734
4.953909952606636 465.2511352478383
4.9589139020537125 465.65841650194363
4.96391785150079 466.06539118309337
4.968921800947868 466.47205938658186
4.973925750394945 466.8784212075938
4.9789296998420225 467.2844767412045
4.9839336492891 467.69022608237975
4.988937598736177 468.09566932597613
4.993941548183255 468.5008065667412
4.9989454976303325 468.9056378993134
5.003949447077409 469.3101634182223
5.008953396524487 469.7143832178889
5.013957345971565 470.1182973926253
5.0189612954186416 470.52190603663536
5.023965244865719 470.9252092440143
5.028969194312797 471.3282071087492
5.033973143759874 471.73089972471905
5.0389770932069515 472.13328718569477
5.043981042654029 472.5353695853393
5.048984992101106 472.93714701720796
5.053988941548184 473.3386195747483
5.058992890995261 473.7397873513003
5.063996840442338 474.14065044009675
5.069000789889416 474.54120893426284
5.074004739336493 474.9414629268168
5.079008688783571 475.3414125106698
5.084012638230648 475.7410577786259
5.089016587677725 476.1403988233825
5.094020537124803 476.53943573753025
5.099024486571881 476.93816861355333
5.104028436018957 477.33659754382927
5.109032385466035 477.73472262062944
5.114036334913113 478.1325439361189
5.11904028436019 478.5300615823566
5.124044233807267 478.9272756512956
5.129048183254345 479.324186234783
5.134052132701422 479.72079342456016
5.1390560821485 480.11709731226284
5.144060031595577 480.51309798942134
5.149063981042654 480.90879554746044
5.154067930489732 481.30419007769973
5.15907187993681 481.6992816713537
5.164075829383886 482.0940704195316
5.169079778830964 482.488556413238
5.174083728278042 482.88273974337244
5.179087677725119 483.2766205007299
5.184091627172196 483.67019877600075
5.189095576619274 484.06347465977086
5.194099526066351 484.45644824252184
5.199103475513429 484.849119614631
5.2041074249605055 485.24148886637147
5.209111374407583 485.63355608791255
5.214115323854661 486.0253213693195
5.219119273301738 486.4167848005539
5.2241232227488155 486.8079464714736
5.229127172195893 487.19880647183294
5.23413112164297 487.58936489128286
5.239135071090048 487.979621819371
5.244139020537125 488.3695773455417
5.249142969984202 488.7592315591363
5.25414691943128 489.14858454939315
5.259150868878358 489.53763640544764
5.2641548183254345 489.92638721633256
5.269158767772512 490.314837070978
5.27416271721959 490.7029860582115
5.279166666666667 491.09083426675824
5.2841706161137445 491.478381785241
5.289174565560822 491.8656287021806
5.294178515007899 492.25257510599545
5.299182464454977 492.6392210850023
5.3041864139020545 493.0255667274159
5.309190363349131 493.41161212134926
5.314194312796209 493.7973573548138
5.319198262243287 494.1828025157194
5.324202211690364 494.56794769187456
5.329206161137441 494.9527929709864
5.334210110584519 495.337338440661
5.339214060031596 495.72158418840314
5.3442180094786735 496.1055303016169
5.34922195892575 496.48917686760535
5.354225908372828 496.87252397357076
5.359229857819906 497.2555717066149
5.364233807266983 497.6383201537389
5.36923775671406 498.02076940184355
5.374241706161138 498.40291953772925
5.379245655608215 498.7847706480963
5.384249605055293 499.1663228195448
5.38925355450237 499.5475761385749
5.394257503949447 499.92853069158696
5.399261453396525 500.30918656488143
5.404265402843603 500.68954384465917
5.409269352290679 501.0696026170215
5.414273301737757 501.4493629679702
5.419277251184835 501.82882498340786
5.424281200631912 502.2079887491377
5.429285150078989 502.586854350864
5.434289099526067 502.96542187419175
5.439293048973144 503.34369140462724
5.444296998420222 503.7216630275779
5.449300947867299 504.0993368283525
5.454304897314376 504.47671289216106
5.459308846761454 504.8537913041153
5.464312796208532 505.23057214922846
5.469316745655608 505.6070555124155
5.474320695102686 505.9832414784933
5.479324644549764 506.35913013218055
5.484328593996841 506.7347215580981
5.489332543443918 507.1100158407688
5.494336492890995 507.48501306461793
5.499340442338073 507.859713313973
5.504344391785151 508.2341166730639
5.5093483412322275 508.60822322602337
5.514352290679305 508.9820330568865
5.519356240126383 509.3555462495914
5.52436018957346 509.72876288797886
5.5293641390205375 510.10168305579276
5.534368088467615 510.47430683668
5.539372037914692 510.84663431419074
5.54437598736177 511.2186655717784
5.5493799368088474 511.5904006927997
5.554383886255924 511.9618397605149
5.559387835703002 512.332982858088
5.56439178515008 512.7038300685865
5.5693957345971565 513.0743814749818
5.574399684044234 513.4446371601492
5.579403633491312 513.814597206868
5.584407582938389 514.1842616978216
5.5894115323854665 514.5536307155975
5.594415481832544 514.9227043426877
5.599419431279621 515.2914826614884
5.604423380726699 515.6599657543005
5.6094273301737765 516.0281537033295
5.614431279620853 516.3960465906855
5.619435229067931 516.7636444983834
5.624439178515009 517.1309475083431
5.629443127962086 517.4979557023895
5.634447077409163 517.8646691622525
5.63945102685624 518.2310879695675
5.644454976303318 518.5972122058749
5.6494589257503955 518.9630419526208
5.654462875197472 519.3285772911563
5.65946682464455 519.6938183027388
5.664470774091628 520.0587650685309
5.669474723538705 520.4234176696011
5.674478672985782 520.7877761869241
5.67948262243286 521.1518407013803
5.684486571879937 521.5156112937561
5.689490521327015 521.8790880447447
5.694494470774092 522.2422710349448
5.699498420221169 522.605160344862
5.704502369668247 522.9677560549085
5.709506319115325 523.3300582454026
5.714510268562401 523.6920669965698
5.719514218009479 524.053782388542
5.724518167456557 524.4152045013582
5.729522116903634 524.7763334149644
5.734526066350711 525.1371692092135
5.739530015797789 525.4977119638658
5.744533965244866 525.8579617585887
5.749537914691944 526.2179186729569
5.754541864139021 526.5775827864529
5.759545813586098 526.9369541784665
5.764549763033176 527.2960329282952
5.769553712480254 527.6548191151443
5.77455766192733 528.0133128181268
5.779561611374408 528.3715141162638
5.784565560821485 528.7294230884845
5.789569510268563 529.087039813626
5.79457345971564 529.4443643704338
5.799577409162717 529.8013968375618
5.804581358609795 530.158137293572
5.809585308056873 530.5145858169353
5.8145892575039495 530.870742486031
5.819593206951027 531.2266073791469
5.824597156398105 531.58218057448
5.829601105845182 531.9374621501361
5.8346050552922595 532.2924521841297
5.839609004739337 532.6471507543847
5.844612954186414 533.001557938734
5.849616903633492 533.3556738149198
5.8546208530805695 533.7094984605936
5.859624802527646 534.0630319533166
5.864628751974724 534.4162743705591
5.869632701421802 534.7692257897014
5.8746366508688785 535.1218862880335
5.879640600315956 535.4742559427549
5.884644549763034 535.8263348309754
5.889648499210111 536.1781230297147
5.8946524486571885 536.5296206159024
5.899656398104266 536.8808276663787
5.904660347551343 537.2317442578934
5.909664296998421 537.5823704671075
5.9146682464454985 537.9327063705917
5.919672195892575 538.2827520448278
5.924676145339653 538.632507566208
5.92968009478673 538.9819730110353
5.934684044233808 539.3311484555235
5.939687993680885 539.6800339757973
5.944691943127962 540.0286296478924
5.94969589257504 540.3769355477557
5.9546998420221176 540.7249517512452
5.959703791469194 541.07267833413
5.964707740916272 541.420115372091
5.96971169036335 541.7672629407202
5.974715639810427 542.1141211155214
5.979719589257504 542.4606899719097
5.984723538704582 542.8069695852122
5.989727488151659 543.1529600306678
5.994731437598737 543.4986613834272
5.999735387045814 543.8440737185531
6.004739336492891 544.1891971110203
6.009743285939969 544.5340316357159
6.014747235387047 544.878577367439
6.019751184834123 545.2228343809013
6.024755134281201 545.5668027507268
6.029759083728279 545.9104825514519
6.034763033175356 546.253873857526
6.039766982622433 546.5969767433107
6.044770932069511 546.9397912830808
6.049774881516588 547.2823175510238
6.054778830963666 547.6245556212401
6.059782780410743 547.9665055677433
6.06478672985782 548.30816746446
6.069790679304898 548.6495413852301
6.074794628751976 548.9906274038068
6.0797985781990525 549.3314255938566
6.08480252764613 549.6719360289596
6.089806477093207 550.0121587826095
6.094810426540285 550.3520939282134
6.099814375987362 550.6917415390925
6.104818325434439 551.0311016884815
6.109822274881517 551.3701744495293
6.114826224328595 551.7089598952984
6.1198301737756715 552.0474580987659
6.124834123222749 552.3856691328226
6.129838072669827 552.7235930702739
6.134842022116904 553.0612299838393
6.1398459715639815 553.398579946153
6.144849921011059 553.7356430297632
6.149853870458136 554.0724193071333
6.154857819905214 554.4089088506408
6.1598617693522915 554.7451117325785
6.164865718799368 555.0810280251536
6.169869668246446 555.4166578004886
6.174873617693524 555.7520011306207
6.1798775671406005 556.0870580875024
6.184881516587678 556.4218287430014
6.189885466034756 556.7563131689004
6.194889415481833 557.0905114368977
6.1998933649289105 557.424423618607
6.204897314375988 557.7580497855573
6.209901263823065 558.0913900091936
6.214905213270143 558.4244443608762
6.2199091627172205 558.7572129118814
6.224913112164297 559.0896957334012
6.229917061611375 559.4218928965436
6.234921011058452 559.7538044723325
6.23992496050553 560.0854305317081
6.244928909952607 560.4167711455266
6.249932859399684 560.7478263845605
6.254936808846762 561.0785963194987
6.25994075829384 561.4090810209466
6.264944707740916 561.7392805594258
6.269948657187994 562.0691950053746
6.274952606635072 562.3988244291481
6.279956556082149 562.7281689010182
6.284960505529226 563.0572284911733
6.289964454976304 563.386003269719
6.294968404423381 563.7144933066778
6.299972353870459 564.0426986719892
6.304976303317536 564.37061943551
6.309980252764613 564.698255667014
6.314984202211691 565.0256074361926
6.319988151658769 565.3526748126543
6.324992101105845 565.6794578659253
6.329996050552923 566.0059566654492
6.335000000000001 566.3321712805872
6.340003949447078 566.6581017806185
6.345007898894155 566.9837482347398
6.350011848341233 567.3091107120657
6.35501579778831 567.6341892816289
6.360019747235388 567.9589840123799
6.365023696682465 568.2834949731875
6.370027646129542 568.6077222328387
6.37503159557662 568.9316658600386
6.380035545023697 569.2553259234107
6.3850394944707745 569.578702491497
6.390043443917852 569.9017956327579
6.395047393364929 570.2246054155723
6.400051342812007 570.5471319082382
6.405055292259084 570.8693751789716
6.410059241706161 571.191335295908
6.415063191153239 571.5130123271014
6.420067140600317 571.8344063405249
6.4250710900473935 572.1555174040706
6.430075039494471 572.4763455855497
6.435078988941549 572.7968909526926
6.440082938388626 573.1171535731492
6.4450868878357035 573.4371335144883
6.450090837282781 573.7568308441986
6.455094786729858 574.076245629688
6.460098736176936 574.395377938284
6.4651026856240135 574.7142278372339
6.47010663507109 575.0327953937048
6.475110584518168 575.3510806747832
6.480114533965246 575.6690837474761
6.4851184834123226 575.9868046787097
6.4901224328594 576.304243535331
6.495126382306478 576.6214003841068
6.500130331753555 576.9382752917238
6.5051342812006325 577.2548683247895
6.51013823064771 577.5711795498314
6.515142180094787 577.8872090332975
6.520146129541865 578.2029568415562
6.525150078988942 578.5184230408967
6.530154028436019 578.8336076975286
6.535157977883097 579.1485108775823
6.540161927330174 579.4631326471091
6.545165876777252 579.777473072081
6.550169826224329 580.091532218391
6.555173775671406 580.4053101518532
6.560177725118484 580.7188069382026
6.565181674565562 581.0320226430957
6.570185624012638 581.3449573321099
6.575189573459716 581.6576110707439
6.580193522906794 581.969983924418
6.585197472353871 582.2820759584738
6.590201421800948 582.5938872381746
6.595205371248026 582.9054178287051
6.600209320695103 583.2166677951719
6.605213270142181 583.5276372026032
6.610217219589258 583.8383261159489
6.615221169036335 584.1487346000811
6.620225118483413 584.4588627197936
6.625229067930491 584.7687105398026
6.630233017377567 585.0782781247459
6.635236966824645 585.3875655391839
6.640240916271723 585.6965728475991
6.6452448657188 586.0053001143963
6.650248815165877 586.3137474039028
6.655252764612955 586.6219147803683
6.660256714060032 586.9298023079652
6.66526066350711 587.2374100507883
6.6702646129541865 587.5447380728552
6.675268562401264 587.8517864381063
6.680272511848342 588.1585552104046
6.685276461295419 588.4650444535365
6.6902804107424965 588.7712542312108
6.695284360189574 589.0771846070597
6.700288309636651 589.3828356446385
6.705292259083729 589.6882074074255
6.710296208530806 589.9932999588224
6.715300157977883 590.2981133621543
6.720304107424961 590.6026476806694
6.725308056872039 590.9069029775397
6.7303120063191155 591.2108793158608
6.735315955766193 591.5145767586514
6.740319905213271 591.8179953688544
6.745323854660348 592.1211352093363
6.7503278041074255 592.4239963428873
6.755331753554503 592.7265788322217
6.76033570300158 593.0288827399773
6.765339652448658 593.3309081287166
6.7703436018957355 593.6326550609257
6.775347551342812 593.934123599015
6.78035150078989 594.2353138053194
6.785355450236968 594.5362257420976
6.790359399684045 594.836859471533
6.795363349131122 595.1372150557335
6.8003672985782 595.4372925567312
6.805371248025277 595.7370920364832
6.8103751974723545 596.036613556871
6.815379146919431 596.3358571797007
6.820383096366509 596.6348229667035
6.825387045813587 596.9335109795352
6.830390995260664 597.2319212797767
6.835394944707741 597.5300539289336
6.840398894154819 597.827908988437
6.845402843601896 598.1254865196428
6.850406793048974 598.422786583832
6.855410742496051 598.7198092422113
6.860414691943128 599.0165545559124
6.865418641390206 599.3130225859924
6.870422590837284 599.6092133934338
6.87542654028436 599.905127039145
6.880430489731438 600.2007635839595
6.885434439178516 600.496123088637
6.890438388625593 600.7912056138624
6.89544233807267 601.0860112202467
6.900446287519748 601.3805399683268
6.905450236966825 601.6747919185653
6.910454186413903 601.968767131351
6.91545813586098 602.2624656669987
6.920462085308057 602.5558875857491
6.925466034755135 602.8490329477696
6.930469984202213 603.1419018131534
6.935473933649289 603.4344942419201
6.940477883096367 603.726810294016
6.945481832543445 604.0188500293135
6.950485781990522 604.3106135076117
6.955489731437599 604.6021007886363
6.960493680884676 604.8933119320395
6.965497630331754 605.1842469974004
6.970501579778832 605.4749060442247
6.9755055292259085 605.7652891319451
6.980509478672986 606.0553963199212
6.985513428120064 606.3452276674395
6.990517377567141 606.6347832337136
6.9955213270142185 606.9240630778842
7.000525276461296 607.213067259019
7.005529225908373 607.5017958361133
7.010533175355451 607.7902488680893
7.0155371248025284 608.0784264137968
7.020541074249605 608.3663285320131
7.025545023696683 608.6539552814428
7.030548973143761 608.941306720718
7.0355529225908375 609.2283829083987
7.040556872037915 609.5151839029724
7.045560821484993 609.8017097628542
7.05056477093207 610.0879605463874
7.0555687203791475 610.3739363118428
7.060572669826225 610.6596371174194
7.065576619273302 610.9450630212439
7.07058056872038 611.2302140813714
7.0755845181674575 611.5150903557849
7.080588467614534 611.7996919023957
7.085592417061612 612.0840187790432
7.09059636650869 612.3680710434952
7.095600315955767 612.651848753448
7.100604265402844 612.9353519665262
7.105608214849921 613.218580740283
7.110612164296999 613.5015351321999
7.1156161137440765 613.7842151996873
7.120620063191153 614.0666210000842
7.125624012638231 614.3487525906583
7.130627962085309 614.6306100286062
7.135631911532386 614.9121933710533
7.140635860979463 615.1935026750539
7.145639810426541 615.4745379975914
7.150643759873618 615.755299395578
7.155647709320696 616.0357869258555
7.160651658767773 616.3160006451944
7.16565560821485 616.5959406102947
7.170659557661928 616.8756068777857
7.175663507109006 617.1549995042258
7.180667456556082 617.434118546103
7.18567140600316 617.712964059835
7.190675355450238 617.9915361017687
7.195679304897315 618.2698347281807
7.200683254344392 618.5478599952775
7.20568720379147 618.8256119591948
7.210691153238547 619.1030906759986
7.215695102685625 619.3802962016845
7.220699052132702 619.657228592178
7.225703001579779 619.9338879033346
7.230706951026857 620.2102741909399
7.235710900473935 620.4863875107095
7.240714849921011 620.7622279182891
7.245718799368089 621.0377954692547
7.250722748815166 621.3130902191124
7.255726698262244 621.5881122232989
7.260730647709321 621.8628615371811
7.265734597156398 622.1373382160563
7.270738546603476 622.4115423151522
7.275742496050554 622.6854738896276
7.2807464454976305 622.9591329945712
7.285750394944708 623.2325196850028
7.290754344391786 623.5056340158727
7.295758293838863 623.7784760420624
7.3007622432859405 624.0510458183837
7.305766192733018 624.3233433995797
7.310770142180095 624.5953688403243
7.315774091627173 624.8671221952226
7.3207780410742505 625.1386035188104
7.325781990521327 625.4098128655552
7.330785939968405 625.6807502898552
7.335789889415483 625.9514158460399
7.3407938388625595 626.2218095883705
7.345797788309637 626.4919315710393
7.350801737756715 626.7617818481701
7.355805687203792 627.031360473818
7.3608096366508695 627.3006675019699
7.365813586097947 627.569702986544
7.370817535545024 627.8384669813906
7.375821484992102 628.1069595402914
7.3808254344391795 628.3751807169599
7.385829383886256 628.6431305650414
7.390833333333334 628.9108091381131
7.395837282780411 629.1782164896844
7.400841232227489 629.4453526731963
7.405845181674566 629.7122177420222
7.410849131121643 629.9788117494674
7.415853080568721 630.2451347487694
7.4208570300157985 630.5111867930979
7.425860979462875 630.7769679355549
7.430864928909953 631.042478229175
7.435868878357031 631.3077177269247
7.440872827804108 631.5726864817034
7.445876777251185 631.8373845463426
7.450880726698263 632.1018119736068
7.45588467614534 632.3659688161927
7.460888625592418 632.6298551267299
7.465892575039495 632.8934709577808
7.470896524486572 633.1568163618402
7.47590047393365 633.4198913913363
7.480904423380728 633.6826960986297
7.485908372827804 633.9452305360142
7.490912322274882 634.2074947557164
7.49591627172196 634.4694888098963
7.500920221169037 634.7312127506468
7.505924170616114 634.9926666299939
7.510928120063192 635.2538504998968
7.515932069510269 635.5147644122482
7.520936018957347 635.7754084188739
7.525939968404424 636.0357825715332
7.530943917851501 636.2958869219189
7.535947867298579 636.555721521657
7.540951816745656 636.8152864223075
7.5459557661927334 637.0745816753637
7.550959715639811 637.3336073322525
7.555963665086888 637.5923634443348
7.560967614533966 637.8508500629049
7.565971563981043 638.1090672391912
7.57097551342812 638.3670150243557
7.575979462875198 638.6246934694947
7.580983412322276 638.8821026256381
7.5859873617693525 639.1392425437501
7.59099131121643 639.3961132747288
7.595995260663508 639.6527148694065
7.600999210110585 639.9090473785498
7.6060031595576625 640.1651108528592
7.61100710900474 640.4209053429701
7.616011058451817 640.6764308994515
7.621015007898895 640.9316875728074
7.6260189573459725 641.186675413476
7.631022906793049 641.44139447183
7.636026856240127 641.6958447981766
7.641030805687205 641.9500264427578
7.6460347551342815 642.2039394557502
7.651038704581359 642.457583887265
7.656042654028437 642.7109597873481
7.661046603475514 642.9640672059805
7.6660505529225915 643.216906193078
7.671054502369669 643.4694767984911
7.676058451816746 643.7217790720055
7.681062401263824 643.9738130633417
7.686066350710901 644.2255788221556
7.691070300157978 644.477076398038
7.696074249605056 644.7283058405148
7.701078199052133 644.9792671990475
7.706082148499211 645.2299605230324
7.711086097946288 645.4803858618016
7.716090047393365 645.730543264622
7.721093996840443 645.9804327806966
7.726097946287521 646.2300544591634
7.731101895734597 646.4794083490962
7.736105845181675 646.7284944995042
7.741109794628753 646.9773129593325
7.74611374407583 647.2258637774615
7.751117693522907 647.4741470027077
7.756121642969985 647.7221626838232
7.761125592417062 647.969910869496
7.76612954186414 648.21739160835
7.771133491311217 648.464604948945
7.776137440758294 648.7115509397768
7.781141390205372 648.9582296292772
7.78614533965245 649.2046410658143
7.791149289099526 649.4507852976919
7.796153238546604 649.6966623731505
7.801157187993682 649.9422723403666
7.806161137440759 650.1876152474529
7.811165086887836 650.4326911424585
7.816169036334914 650.677500073369
7.821172985781991 650.9220420881062
7.826176935229069 651.1663172345287
7.831180884676146 651.4103255604315
7.836184834123223 651.654067113546
7.841188783570301 651.8975419415406
7.846192733017378 652.1407500920199
7.8511966824644555 652.3836916125256
7.856200631911533 652.6263665505362
7.86120458135861 652.8687749534669
7.866208530805688 653.1109168686696
7.871212480252765 653.3527923434335
7.876216429699842 653.5944014249845
7.88122037914692 653.8357441604857
7.886224328593998 654.076820597037
7.8912282780410745 654.3176307816757
7.896232227488152 654.5581747613762
7.90123617693523 654.79845258305
7.906240126382307 655.038464293546
7.9112440758293845 655.2782099396503
7.916248025276462 655.5176895680864
7.921251974723539 655.7569032255153
7.926255924170617 655.9958509585354
7.9312598736176945 656.2345328136823
7.936263823064771 656.4729488374297
7.941267772511849 656.7110990761886
7.946271721958927 656.9489835763076
7.9512756714060036 657.1866023840729
7.956279620853081 657.4239555457087
7.961283570300159 657.6610431073769
7.966287519747236 657.8978651151773
7.9712914691943135 658.1344216151473
7.976295418641391 658.3707126532624
7.981299368088468 658.6067382754362
7.986303317535546 658.8424985275202
7.991307266982623 659.0779934553038
7.9963112164297 659.3132231045149
8.001315165876777 659.5481875208192
8.006319115323855 659.7828867498207
8.011323064770933 660.0173208370618
8.01632701421801 660.251489828023
8.021330963665088 660.4853937681232
8.026334913112166 660.7190327027199
8.031338862559242 660.9524066771087
8.03634281200632 661.1855157365238
8.041346761453397 661.4183599261381
8.046350710900475 661.650939291063
8.051354660347553 661.8832538763482
8.056358609794628 662.1153037269826
8.061362559241706 662.3470888878934
8.066366508688784 662.5786094039466
8.071370458135862 662.8098653199473
8.07637440758294 663.0408566806391
8.081378357030017 663.2715835307047
8.086382306477093 663.5020459147655
8.09138625592417 663.7322438773822
8.096390205371248 663.9621774630543
8.101394154818326 664.1918467162205
8.106398104265404 664.4212516812586
8.111402053712482 664.6503924024854
8.116406003159558 664.8792689241571
8.121409952606635 665.1078812904692
8.126413902053713 665.3362295455562
8.13141785150079 665.5643137334922
8.136421800947868 665.7921338982906
8.141425750394946 666.0196900839042
8.146429699842022 666.2469823342252
8.1514336492891 666.4740106930856
8.156437598736177 666.7007752042567
8.161441548183255 666.9272759114496
8.166445497630333 667.1535128583147
8.17144944707741 667.3794860884425
8.176453396524487 667.605195645363
8.181457345971564 667.830641572546
8.186461295418642 668.0558239134012
8.19146524486572 668.2807427112782
8.196469194312797 668.5053980094664
8.201473143759873 668.7297898511952
8.206477093206951 668.953918279634
8.211481042654029 669.1777833378923
8.216484992101106 669.4013850690195
8.221488941548184 669.6247235160055
8.226492890995262 669.8477987217799
8.231496840442338 670.0706107292128
8.236500789889416 670.2931595811145
8.241504739336493 670.5154453202356
8.246508688783571 670.737467989267
8.251512638230649 670.95922763084
8.256516587677726 671.1807242875265
8.261520537124802 671.4019580018386
8.26652448657188 671.6229288162291
8.271528436018958 671.8436367730912
8.276532385466036 672.064081914759
8.281536334913113 672.2842642835068
8.286540284360191 672.5041839215498
8.291544233807267 672.7238408710442
8.296548183254345 672.9432351740865
8.301552132701422 673.1623668727142
8.3065560821485 673.3812360089057
8.311560031595578 673.5998426245803
8.316563981042655 673.8181867615981
8.321567930489731 674.0362684617603
8.32657187993681 674.2540877668091
8.331575829383887 674.4716447184278
8.336579778830965 674.6889393582406
8.341583728278042 674.9059717278132
8.346587677725118 675.1227418686519
8.351591627172196 675.3392498222049
8.356595576619274 675.5554956298613
8.361599526066351 675.7714793329516
8.366603475513429 675.9872009727475
8.371607424960507 676.2026605904622
8.376611374407583 676.4178582272505
8.38161532385466 676.6327939242083
8.386619273301738 676.8474677223733
8.391623222748816 677.0618796627247
8.396627172195894 677.2760297861832
8.401631121642971 677.4899181336114
8.406635071090047 677.703544745813
8.411639020537125 677.916909663534
8.416642969984203 678.1300129274621
8.42164691943128 678.3428545782263
8.426650868878358 678.5554346563979
8.431654818325436 678.76775320249
8.436658767772512 678.9798102569575
8.44166271721959 679.1916058601975
8.446666666666667 679.4031400525486
8.451670616113745 679.6144128742919
8.456674565560823 679.8254243656505
8.4616785150079 680.0361745667894
8.466682464454976 680.246663517816
8.471686413902054 680.4568912587798
8.476690363349132 680.6668578296725
8.48169431279621 680.876563270428
8.486698262243287 681.0860076209228
8.491702211690363 681.2951909209754
8.49670616113744 681.504113210347
8.501710110584519 681.712774528741
8.506714060031596 681.9211749158032
8.511718009478674 682.1293144111223
8.516721958925752 682.3371930542293
8.521725908372828 682.5448108845977
8.526729857819905 682.7521679416438
8.531733807266983 682.9592642647266
8.53673775671406 683.1660998931475
8.541741706161138 683.3726748661509
8.546745655608216 683.578989222924
8.551749605055292 683.7850430025966
8.55675355450237 683.9908362442416
8.561757503949448 684.1963689868746
8.566761453396525 684.4016412694544
8.571765402843603 684.6066531308826
8.57676935229068 684.8114046100036
8.581773301737757 685.0158957456052
8.586777251184834 685.2201265764182
8.591781200631912 685.4240971411165
8.59678515007899 685.627807478317
8.601789099526068 685.83125762658
8.606793048973145 686.0344476244092
8.611796998420221 686.237377510251
8.616800947867299 686.4400473224957
8.621804897314377 686.6424570994767
8.626808846761454 686.8446068794708
8.631812796208532 687.0464967006982
8.63681674565561 687.2481266013226
8.641820695102686 687.4494966194513
8.646824644549763 687.6506067931351
8.651828593996841 687.8514571603682
8.656832543443919 688.0520477590886
8.661836492890997 688.2523786271779
8.666840442338072 688.4524498024614
8.67184439178515 688.652261322708
8.676848341232228 688.8518132256306
8.681852290679306 689.0511055488857
8.686856240126383 689.2501383300738
8.691860189573461 689.4489116067391
8.696864139020537 689.6474254163697
8.701868088467615 689.8456797963979
8.706872037914692 690.0436747841997
8.71187598736177 690.2414104170952
8.716879936808848 690.4388867323487
8.721883886255926 690.6361037671684
8.726887835703002 690.8330615587067
8.73189178515008 691.0297601440602
8.736895734597157 691.2261995602697
8.741899684044235 691.4223798443202
8.746903633491312 691.6183010331408
8.75190758293839 691.8139631636053
8.756911532385466 692.0093662725316
8.761915481832544 692.2045103966819
8.766919431279621 692.3993955727631
8.7719233807267 692.5940218374261
8.776927330173777 692.7883892272667
8.781931279620855 692.9824977788252
8.78693522906793 693.1763475285861
8.791939178515008 693.3699385129789
8.796943127962086 693.5632707683776
8.801947077409164 693.7563443311006
8.806951026856241 693.9491592374114
8.811954976303317 694.1417155235181
8.816958925750395 694.3340132255734
8.821962875197473 694.5260523796749
8.82696682464455 694.7178330218652
8.831970774091628 694.9093551881316
8.836974723538706 695.1006189144064
8.841978672985782 695.2916242365666
8.84698262243286 695.4823711904345
8.851986571879937 695.6728598117774
8.856990521327015 695.8630901363073
8.861994470774093 696.0530621996817
8.86699842022117 696.242776037503
8.872002369668246 696.4322316853187
8.877006319115324 696.6214291786217
8.882010268562402 696.8103685528499
8.88701421800948 696.9990498433866
8.892018167456557 697.1874730855603
8.897022116903635 697.3756383146449
8.902026066350711 697.5635455658596
8.907030015797789 697.7511948743689
8.912033965244866 697.938586275283
8.917037914691944 698.1257198036573
8.922041864139022 698.3125954944927
8.9270458135861 698.4992133827359
8.932049763033175 698.6855735032788
8.937053712480253 698.8716758909591
8.94205766192733 699.0575205805601
8.947061611374409 699.2431076068108
8.952065560821486 699.4284370043857
8.957069510268562 699.6135088079053
8.96207345971564 699.7983230519357
8.967077409162718 699.9828797709887
8.972081358609795 700.1671789995222
8.977085308056873 700.3512207719398
8.98208925750395 700.535005122591
8.987093206951027 700.7185320857711
8.992097156398104 700.9018016957217
8.997101105845182 701.08481398663
9.00210505529226 701.2675689926295
9.007109004739338 701.4500667477997
9.012112954186415 701.632307286166
9.017116903633491 701.8142906417002
9.022120853080569 701.9960168483201
9.027124802527647 702.1774859398897
9.032128751974724 702.3586979502194
9.037132701421802 702.5396529130654
9.04213665086888 702.7203508621308
9.047140600315956 702.9007918310645
9.052144549763034 703.080975853462
9.057148499210111 703.2609029628651
9.062152448657189 703.4405731927621
9.067156398104267 703.6199865765878
9.072160347551344 703.7991431477233
9.07716429699842 703.9780429394962
9.082168246445498 704.1566859851807
9.087172195892576 704.3350723179977
9.092176145339653 704.5132019711147
9.097180094786731 704.6910749776455
9.102184044233807 704.868691370651
9.107187993680885 705.0460511831386
9.112191943127963 705.2231544480625
9.11719589257504 705.4000011983235
9.122199842022118 705.5765914667693
9.127203791469196 705.7529252861945
9.132207740916272 705.9290026893405
9.13721169036335 706.1048237088955
9.142215639810427 706.2803883774949
9.147219589257505 706.4556967277207
9.152223538704582 706.630748792102
9.15722748815166 706.8055446031152
9.162231437598736 706.9800841931833
9.167235387045814 707.1543675946766
9.172239336492892 707.3283948399126
9.17724328593997 707.5021659611556
9.182247235387047 707.6756809906175
9.187251184834125 707.8489399604571
9.1922551342812 708.0219429027804
9.197259083728278 708.194689849641
9.202263033175356 708.3671808330395
9.207266982622434 708.5394158849238
9.212270932069512 708.7113950371893
9.21727488151659 708.8831183216788
9.222278830963665 709.0545857701824
9.227282780410743 709.2257974144376
9.23228672985782 709.3967532861295
9.237290679304898 709.5674534168908
9.242294628751976 709.7378978383014
9.247298578199052 709.9080865818889
9.25230252764613 710.0780196791287
9.257306477093207 710.2476971614436
9.262310426540285 710.4171190602042
9.267314375987363 710.5862854067286
9.27231832543444 710.7551962322827
9.277322274881517 710.9238515680803
9.282326224328594 711.0922514452826
9.287330173775672 711.2603958949991
9.29233412322275 711.4282849482867
9.297338072669827 711.5959186361503
9.302342022116905 711.7632969895427
9.307345971563981 711.9304200393647
9.312349921011059 712.0972878164648
9.317353870458136 712.2639003516399
9.322357819905214 712.4302576756345
9.327361769352292 712.5963598191413
9.33236571879937 712.7622068128011
9.337369668246446 712.9277986872027
9.342373617693523 713.0931354728831
9.347377567140601 713.2582172003274
9.352381516587679 713.4230438999689
9.357385466034756 713.5876156021891
9.362389415481834 713.7519323373177
9.36739336492891 713.9159941356329
9.372397314375988 714.0798010273608
9.377401263823065 714.2433530426761
9.382405213270143 714.4066502117017
9.387409162717221 714.5696925645092
9.392413112164297 714.7324801311181
9.397417061611375 714.8950129414967
9.402421011058452 715.0572910255617
9.40742496050553 715.2193144131782
9.412428909952608 715.3810831341599
9.417432859399685 715.5425972182691
9.422436808846761 715.7038566952165
9.427440758293839 715.8648615946616
9.432444707740917 716.0256119462125
9.437448657187995 716.1861077794258
9.442452606635072 716.3463491238069
9.44745655608215 716.50633600881
9.452460505529226 716.6660684638377
9.457464454976304 716.825546518242
9.462468404423381 716.9847702013232
9.467472353870459 717.1437395423304
9.472476303317537 717.3024545704619
9.477480252764614 717.4609153148646
9.48248420221169 717.6191218046343
9.487488151658768 717.7770740688161
9.492492101105846 717.9347721364037
9.497496050552924 718.0922160363399
9.502500000000001 718.2494057975164
9.507503949447079 718.4063414487741
9.512507898894155 718.5630230189031
9.517511848341233 718.7194505366423
9.52251579778831 718.8756240306799
9.527519747235388 719.0315435296532
9.532523696682466 719.1872090621487
9.537527646129542 719.342620656702
9.54253159557662 719.4977783417983
9.547535545023697 719.6526821458715
9.552539494470775 719.8073320973052
9.557543443917853 719.9617282244324
9.56254739336493 720.1158705555349
9.567551342812006 720.2697591188445
9.572555292259084 720.4233939425419
9.577559241706162 720.5767750547575
9.58256319115324 720.7299024835711
9.587567140600317 720.8827762570119
9.592571090047395 721.0353964030586
9.59757503949447 721.1877629496396
9.602578988941548 721.3398759246326
9.607582938388626 721.491735355865
9.612586887835704 721.6433412711137
9.617590837282782 721.7946936981056
9.62259478672986 721.9457926645167
9.627598736176935 722.0966381979732
9.632602685624013 722.2472303260506
9.63760663507109 722.3975690762744
9.642610584518168 722.5476544761196
9.647614533965246 722.6974865530113
9.652618483412324 722.8470653343243
9.6576224328594 722.996390847383
9.662626382306478 723.1454631194621
9.667630331753555 723.2942821777857
9.672634281200633 723.4428480495282
9.67763823064771 723.5911607618136
9.682642180094787 723.7392203417162
9.687646129541864 723.8870268162601
9.692650078988942 724.0345802124194
9.69765402843602 724.1818805571183
9.702657977883097 724.3289278772311
9.707661927330175 724.475722199582
9.712665876777251 724.6222635509456
9.717669826224329 724.7685519580464
9.722673775671407 724.9145874475591
9.727677725118484 725.0603700461088
9.732681674565562 725.2058997802704
9.73768562401264 725.3511766765695
9.742689573459716 725.4962007614816
9.747693522906793 725.6409720614328
9.752697472353871 725.7854906027991
9.757701421800949 725.9297564119072
9.762705371248027 726.073769515034
9.767709320695104 726.2175299384068
9.77271327014218 726.3610377082033
9.777717219589258 726.5042928505518
9.782721169036336 726.6472953915309
9.787725118483413 726.7900453571696
9.792729067930491 726.9325427734474
9.797733017377569 727.0747876662946
9.802736966824645 727.2167800615919
9.807740916271722 727.3585199851705
9.8127448657188 727.5000074628122
9.817748815165878 727.6412425202495
9.822752764612956 727.7822251831657
9.827756714060031 727.9229554771944
9.83276066350711 728.0634334279201
9.837764612954187 728.2036590608783
9.842768562401265 728.3436324015547
9.847772511848342 728.4833534753861
9.85277646129542 728.6228223077601
9.857780410742496 728.762038924015
9.862784360189574 728.90100334944
9.867788309636651 729.039715609275
9.87279225908373 729.1781757287112
9.877796208530807 729.3163837328901
9.882800157977885 729.4543396469048
9.88780410742496 729.5920434957989
9.892808056872038 729.729495304567
9.897812006319116 729.8666950981549
9.902815955766194 730.0036429014593
9.907819905213271 730.1403387393281
9.912823854660349 730.2767826365599
9.917827804107425 730.4129746179048
9.922831753554503 730.5489147080638
9.92783570300158 730.684602931689
9.932839652448658 730.820039313384
9.937843601895736 730.9552238777031
9.942847551342814 731.0901566491522
9.94785150078989 731.2248376521881
9.952855450236967 731.3592669112192
9.957859399684045 731.4934444506048
9.962863349131123 731.6273702946559
9.9678672985782 731.7610444676345
9.972871248025276 731.8944669937541
9.977875197472354 732.0276378971795
9.982879146919432 732.1605572020269
9.98788309636651 732.293224932364
9.992887045813587 732.4256411122096
9.997890995260665 732.5578057655345
10.00289494470774 732.6897189162604
10.007898894154819 732.821380588261
10.012902843601896 732.9527908053612
10.017906793048974 733.0839495913376
10.022910742496052 733.2148569699182
10.02791469194313 733.3455129647826
10.032918641390205 733.4759175995622
10.037922590837283 733.6060708978399
10.04292654028436 733.7359728831502
10.047930489731439 733.8656235789795
10.052934439178516 733.9950230087654
10.057938388625594 734.1241711958978
10.06294233807267 734.253068163718
10.067946287519748 734.3817139355192
10.072950236966825 734.5101085345462
10.077954186413903 734.6382519839958
10.08295813586098 734.7661443070166
10.087962085308058 734.8937855267088
10.092966034755134 735.0211756661247
10.097969984202212 735.1483147482685
10.10297393364929 735.2752027960961
10.107977883096368 735.4018398325155
10.112981832543445 735.5282258803867
10.117985781990521 735.6543609625215
10.122989731437599 735.7802451016838
10.127993680884677 735.9058783205894
10.132997630331754 736.0312606419063
10.138001579778832 736.1563920882545
10.14300552922591 736.2812726822059
10.148009478672986 736.4059024462847
10.153013428120063 736.5302814029671
10.158017377567141 736.6544095746816
10.163021327014219 736.7782869838086
10.168025276461297 736.9019136526808
10.173029225908374 737.0252896035832
10.17803317535545 737.148414858753
10.183037124802528 737.2712894403793
10.188041074249606 737.3939133706039
10.193045023696683 737.5162866715207
10.198048973143761 737.6384093651758
10.203052922590839 737.7602814735678
10.208056872037915 737.8819030186476
10.213060821484993 738.0032740223184
10.21806477093207 738.1243945064356
10.223068720379148 738.2452644928073
10.228072669826226 738.3658840031941
10.233076619273303 738.4862530593086
10.23808056872038 738.6063716828163
10.243084518167457 738.7262398953349
10.248088467614535 738.8458577184346
10.253092417061612 738.9652251736381
10.25809636650869 739.0843422824211
10.263100315955766 739.2032090662112
10.268104265402844 739.321825546389
10.273108214849922 739.4401917442875
10.278112164297 739.5583076811924
10.283116113744077 739.6761733783421
10.288120063191155 739.7937888569274
10.29312401263823 739.9111541380921
10.298127962085308 740.0282692429324
10.303131911532386 740.1451341924975
10.308135860979464 740.261749007789
10.313139810426541 740.3781137097616
10.31814375987362 740.4942283193225
10.323147709320695 740.6100928573318
10.328151658767773 740.7257073446024
10.33315560821485 740.8410718019
10.338159557661928 740.9561862499431
10.343163507109006 741.0710507094034
10.348167456556084 741.185665200905
10.35317140600316 741.3000297450251
10.358175355450237 741.4141443622939
10.363179304897315 741.5280090731944
10.368183254344393 741.6416238981628
10.37318720379147 741.754988857588
10.378191153238548 741.868103971812
10.383195102685624 741.9809692611299
10.388199052132702 742.0935847457896
10.39320300157978 742.2059504459922
10.398206951026857 742.3180663818921
10.403210900473935 742.4299325735963
10.408214849921011 742.5415490411652
10.413218799368089 742.6529158046125
10.418222748815166 742.7640328839045
10.423226698262244 742.8749002989613
10.428230647709322 742.9855180696557
10.4332345971564 743.0958862158138
10.438238546603475 743.2060047572152
10.443242496050553 743.3158737135922
10.448246445497631 743.4254931046308
10.453250394944709 743.5348629499703
10.458254344391786 743.6439832692029
10.463258293838864 743.7528540818743
10.46826224328594 743.8614754074836
10.473266192733018 743.9698472654832
10.478270142180095 744.0779696752787
10.483274091627173 744.1858426562294
10.48827804107425 744.2934662276476
10.493281990521329 744.4008404087994
10.498285939968405 744.5079652189039
10.503289889415482 744.614840677134
10.50829383886256 744.721466802616
10.513297788309638 744.8278436144294
10.518301737756715 744.9339711316077
10.523305687203793 745.0398493731374
10.528309636650869 745.1454783579588
10.533313586097947 745.2508581049658
10.538317535545024 745.3559886330056
10.543321484992102 745.4608699608792
10.54832543443918 745.5655021073412
10.553329383886256 745.6698850910998
10.558333333333334 745.7740189308166
10.563337282780411 745.8779036451073
10.568341232227489 745.9815392525408
10.573345181674567 746.08492577164
10.578349131121644 746.1880632208813
10.58335308056872 746.290951618695
10.588357030015798 746.393590983465
10.593360979462876 746.4959813335289
10.598364928909954 746.5981226871784
10.603368878357031 746.7000150626585
10.608372827804109 746.8016584781683
10.613376777251185 746.9030529518607
10.618380726698263 747.0041985018423
10.62338467614534 747.1050951461738
10.628388625592418 747.2057429028695
10.633392575039496 747.3061417898977
10.638396524486573 747.4062918251805
10.64340047393365 747.506193026594
10.648404423380727 747.6058454119683
10.653408372827805 747.7052489990873
10.658412322274883 747.804403805689
10.66341627172196 747.9033098494654
10.668420221169038 748.0019671480621
10.673424170616114 748.1003757190794
10.678428120063192 748.1985355800708
10.68343206951027 748.2964467485446
10.688436018957347 748.3941092419627
10.693439968404425 748.4915230777412
10.6984439178515 748.5886882732505
10.703447867298578 748.6856048458146
10.708451816745656 748.7822728127121
10.713455766192734 748.8786921911754
10.718459715639812 748.9748629983915
10.72346366508689 749.070785251501
10.728467614533965 749.166458967599
10.733471563981043 749.2618841637349
10.73847551342812 749.357060856912
10.743479462875198 749.451989064088
10.748483412322276 749.546668802175
10.753487361769354 749.6411000880389
10.75849131121643 749.7352829385004
10.763495260663507 749.8292173703343
10.768499210110585 749.9229034002694
10.773503159557663 750.0163410449894
10.77850710900474 750.1095303211318
10.783511058451818 750.2024712452887
10.788515007898894 750.2951638340065
10.793518957345972 750.3876081037861
10.79852290679305 750.4798040710826
10.803526856240127 750.5717517523057
10.808530805687205 750.6634511638193
10.813534755134283 750.754902321942
10.818538704581359 750.8461052429467
10.823542654028437 750.9370599430606
10.828546603475514 751.0277664384657
10.833550552922592 751.1182247452984
10.83855450236967 751.2084348796496
10.843558451816746 751.2983968575646
10.848562401263823 751.3881106950435
10.853566350710901 751.4775764080406
10.858570300157979 751.566794012465
10.863574249605056 751.6557635241804
10.868578199052134 751.744484959005
10.87358214849921 751.8329583327118
10.878586097946288 751.921183661028
10.883590047393366 752.0091609596358
10.888593996840443 752.0968902441721
10.893597946287521 752.1843715302282
10.898601895734599 752.2716048333504
10.903605845181675 752.3585901690393
10.908609794628752 752.4453275527505
10.91361374407583 752.5318169998943
10.918617693522908 752.6180585258356
10.923621642969986 752.7040521458941
10.928625592417063 752.7897978753444
10.93362954186414 752.8752957294157
10.938633491311217 752.9605457232921
10.943637440758295 753.0455478721124
10.948641390205372 753.1303021909704
10.95364533965245 753.2148086949145
10.958649289099528 753.2990673989482
10.963653238546604 753.3830783180296
10.968657187993681 753.4668414670718
10.973661137440759 753.550356860943
10.978665086887837 753.6336245144659
10.983669036334915 753.7166444424182
10.98867298578199 753.7994166595328
10.993676935229068 753.8819411804972
10.998680884676146 753.964218019954
11.003684834123224 754.046247192501
11.008688783570301 754.1280287126907
11.013692733017379 754.2095625950305
11.018696682464455 754.2908488539831
11.023700631911533 754.3718875039659
11.02870458135861 754.4526785593516
11.033708530805688 754.5332220344678
11.038712480252766 754.6135179435972
11.043716429699844 754.6935663009776
11.04872037914692 754.7733671208019
11.053724328593997 754.852920417218
11.058728278041075 754.9322262043289
11.063732227488153 755.0112844961927
11.06873617693523 755.0900953068228
11.073740126382308 755.1686586501877
11.078744075829384 755.2469745402109
11.083748025276462 755.3250429907711
11.08875197472354 755.4028640157023
11.093755924170617 755.4804376287938
11.098759873617695 755.5577638437896
11.103763823064773 755.6348426743897
11.108767772511849 755.7116741342486
11.113771721958926 755.7882582369764
11.118775671406004 755.8645949961384
11.123779620853082 755.9406844252552
11.12878357030016 756.0165265378025
11.133787519747235 756.0921213472117
11.138791469194313 756.167468866869
11.14379541864139 756.2425691101162
11.148799368088468 756.3174220902504
11.153803317535546 756.392027820524
11.158807266982624 756.4663863141449
11.1638112164297 756.5404975842761
11.168815165876778 756.6143616440361
11.173819115323855 756.6879785064988
11.178823064770933 756.7613481846935
11.18382701421801 756.8344706916048
11.188830963665088 756.9073460401729
11.193834913112164 756.9799742432934
11.198838862559242 757.0523553138173
11.20384281200632 757.1244892645509
11.208846761453398 757.1963761082562
11.213850710900475 757.2680158576507
11.218854660347553 757.3394085254071
11.223858609794629 757.4105541241538
11.228862559241707 757.4814526664749
11.233866508688784 757.5521041649096
11.238870458135862 757.6225086319529
11.24387440758294 757.6926660800553
11.248878357030017 757.762576521623
11.253882306477093 757.8322399690175
11.258886255924171 757.9016564345559
11.263890205371249 757.9708259305111
11.268894154818327 758.0397484691115
11.273898104265404 758.1084240625411
11.27890205371248 758.1768527229394
11.283906003159558 758.2450344624018
11.288909952606636 758.3129692929791
11.293913902053713 758.380657226678
11.298917851500791 758.4480982754606
11.303921800947869 758.5152924512447
11.308925750394945 758.5822397659041
11.313929699842022 758.6489402312679
11.3189336492891 758.7153938591213
11.323937598736178 758.7816006612047
11.328941548183256 758.8475606492148
11.333945497630333 758.9132738348035
11.33894944707741 758.9787402295789
11.343953396524487 759.0439598451046
11.348957345971565 759.1089326929002
11.353961295418642 759.1736587844408
11.35896524486572 759.2381381311575
11.363969194312798 759.302370744437
11.368973143759874 759.366356635622
11.373977093206951 759.4300958160109
11.37898104265403 759.493588296858
11.383984992101107 759.5568340893734
11.388988941548185 759.6198332047231
11.393992890995262 759.682585654029
11.398996840442338 759.7450914483687
11.404000789889416 759.8073505987758
11.409004739336494 759.8693631162397
11.414008688783571 759.9311290117059
11.41901263823065 759.9926482960757
11.424016587677725 760.0539209802062
11.429020537124803 760.1149470749104
11.43402448657188 760.1757265909577
11.439028436018958 760.2362595390728
11.444032385466036 760.2965459299368
11.449036334913114 760.3565857741867
11.45404028436019 760.4163790824152
11.459044233807267 760.4759258651715
11.464048183254345 760.5352261329602
11.469052132701423 760.5942798962425
11.4740560821485 760.6530871654351
11.479060031595578 760.7116479509109
11.484063981042654 760.7699622629989
11.489067930489732 760.8280301119842
11.49407187993681 760.8858515081077
11.499075829383887 760.9434264615668
11.504079778830965 761.0007549825144
11.509083728278043 761.0578370810599
11.514087677725119 761.1146727672686
11.519091627172196 761.171262051162
11.524095576619274 761.2276049427176
11.529099526066352 761.283701451869
11.53410347551343 761.339551588506
11.539107424960507 761.3951553624746
11.544111374407583 761.4505127835768
11.54911532385466 761.5056238615707
11.554119273301739 761.5604886061709
11.559123222748816 761.6151070270478
11.564127172195894 761.669479133828
11.56913112164297 761.7236049360945
11.574135071090048 761.7774844433864
11.579139020537125 761.8311176651988
11.584142969984203 761.8845046109833
11.58914691943128 761.9376452901475
11.594150868878359 761.9905397120555
11.599154818325434 762.0431878860272
11.604158767772512 762.0955898213392
11.60916271721959 762.1477455272241
11.614166666666668 762.1996550128707
11.619170616113745 762.2513182874243
11.624174565560823 762.3027353599862
11.629178515007899 762.3539062396142
11.634182464454977 762.4048309353221
11.639186413902054 762.4555094560806
11.644190363349132 762.5059418108159
11.64919431279621 762.5561280084112
11.654198262243288 762.6060680577057
11.659202211690364 762.6557619674949
11.664206161137441 762.7052097465306
11.669210110584519 762.7544114035213
11.674214060031597 762.8033669471315
11.679218009478674 762.8520763859822
11.684221958925752 762.9005397286506
11.689225908372828 762.9487569836706
11.694229857819906 762.9967281595322
11.699233807266983 763.0444532646818
11.704237756714061 763.0919323075224
11.709241706161139 763.1391652964131
11.714245655608215 763.1861522396699
11.719249605055293 763.2328931455647
11.72425355450237 763.2793880223261
11.729257503949448 763.3256368781391
11.734261453396526 763.3716397211451
11.739265402843603 763.417396559442
11.74426935229068 763.462907401084
11.749273301737757 763.508172254082
11.754277251184835 763.5531911264032
11.759281200631913 763.5979640259715
11.76428515007899 763.6424909606669
11.769289099526068 763.6867719383263
11.774293048973144 763.7308069667428
11.779296998420222 763.7745960536661
11.7843009478673 763.8181392068025
11.789304897314377 763.8614364338147
11.794308846761455 763.9044877423219
11.799312796208532 763.9472931399
11.804316745655608 763.9898526340813
11.809320695102686 764.0321662323548
11.814324644549764 764.0742339421658
11.819328593996842 764.1160557709164
11.82433254344392 764.1576317259651
11.829336492890997 764.198961814627
11.834340442338073 764.2400460441738
11.83934439178515 764.2808844218339
11.844348341232228 764.3214769547922
11.849352290679306 764.3618236501901
11.854356240126384 764.4019245151258
11.85936018957346 764.4417795566538
11.864364139020537 764.4813887817857
11.869368088467615 764.5207521974891
11.874372037914693 764.5598698106887
11.87937598736177 764.5987416282659
11.884379936808848 764.6373676570583
11.889383886255924 764.6757479038606
11.894387835703002 764.7138823754237
11.89939178515008 764.7517710784556
11.904395734597157 764.7894140196206
11.909399684044235 764.82681120554
11.914403633491313 764.8639626427915
11.919407582938389 764.9008683379096
11.924411532385466 764.9375282973856
11.929415481832544 764.9739425276672
11.934419431279622 765.0101110351591
11.9394233807267 765.0460338262225
11.944427330173777 765.0817109071754
11.949431279620853 765.1171422842926
11.954435229067931 765.1523279638055
11.959439178515009 765.1872679519023
11.964443127962086 765.2219622547277
11.969447077409164 765.2564108783835
11.974451026856242 765.2906138289279
11.979454976303318 765.3245711123762
11.984458925750396 765.3582827347003
11.989462875197473 765.3917487018286
11.994466824644551 765.4249690196467
11.999470774091629 765.4579436939968
12.004474723538706 765.4906727306776
12.009478672985782 765.523156135445
12.01448262243286 765.5553939140115
12.019486571879938 765.5873860720463
12.024490521327015 765.6191326151757
12.029494470774093 765.6506335489823
12.03449842022117 765.681888879006
12.039502369668247 765.7128986107433
12.044506319115325 765.7436627496475
12.049510268562402 765.7741813011286
12.05451421800948 765.8044542705537
12.059518167456558 765.8344816632466
12.064522116903634 765.864263484488
12.069526066350711 765.8937997395152
12.074530015797789 765.9230904335226
12.079533965244867 765.9521355716613
12.084537914691944 765.9809351590394
12.089541864139022 766.0094892007218
12.094545813586098 766.03779770173
12.099549763033176 766.0658606670429
12.104553712480254 766.0936781015957
12.109557661927331 766.121250010281
12.114561611374409 766.1485763979477
12.119565560821487 766.1756572694022
12.124569510268563 766.2024926294073
12.12957345971564 766.2290824826829
12.134577409162718 766.2554268339057
12.139581358609796 766.2815256877096
12.144585308056874 766.3073790486851
12.149589257503951 766.3329869213795
12.154593206951027 766.3583493102974
12.159597156398105 766.3834662199
12.164601105845183 766.4083376546057
12.16960505529226 766.4329636187895
12.174609004739338 766.4573441167835
12.179612954186414 766.4814791528767
12.184616903633492 766.5053687313151
12.18962085308057 766.5290128563016
12.194624802527647 766.552411531996
12.199628751974725 766.575564762515
12.204632701421803 766.5984725519324
12.209636650868879 766.621134904279
12.214640600315956 766.6435518235422
12.219644549763034 766.6657233136668
12.224648499210112 766.6876493785543
12.22965244865719 766.7093300220631
12.234656398104267 766.7307652480089
12.239660347551343 766.751955060164
12.24466429699842 766.772899462258
12.249668246445498 766.7935984579773
12.254672195892576 766.8140520509652
12.259676145339654 766.8342602448222
12.264680094786732 766.8542230431057
12.269684044233808 766.87394044933
12.274687993680885 766.8934124669665
12.279691943127963 766.9126390994437
12.28469589257504 766.9316203501469
12.289699842022118 766.9503562224185
12.294703791469196 766.9688467195579
12.299707740916272 766.9870918448214
12.30471169036335 767.0050916014227
12.309715639810427 767.022845992532
12.314719589257505 767.0403550212768
12.319723538704583 767.0576186907417
12.324727488151659 767.0746370039682
12.329731437598737 767.0914099639547
12.334735387045814 767.1079375736568
12.339739336492892 767.1242198359872
12.34474328593997 767.1402567538155
12.349747235387047 767.1560483299684
12.354751184834123 767.1715945672295
12.359755134281201 767.1868954683397
12.364759083728279 767.2019510359968
12.369763033175357 767.2167612728556
12.374766982622434 767.231326181528
12.379770932069512 767.245645764583
12.384774881516588 767.2597200245465
12.389778830963666 767.2735489639017
12.394782780410743 767.2871325850888
12.399786729857821 767.3004708905048
12.404790679304899 767.3135638825041
12.409794628751976 767.326411563398
12.414798578199052 767.3390139354549
12.41980252764613 767.3513710009001
12.424806477093208 767.3634827619164
12.429810426540286 767.3753492206433
12.434814375987363 767.3869703791775
12.439818325434441 767.3983462395726
12.444822274881517 767.4094768038395
12.449826224328595 767.4203620739463
12.454830173775672 767.4310020518179
12.45983412322275 767.4413967393364
12.464838072669828 767.4515461383409
12.469842022116904 767.4614502506278
12.474845971563981 767.4711090779502
12.47984992101106 767.480522622019
12.484853870458137 767.4896908845013
12.489857819905215 767.498613867022
12.494861769352292 767.5072915711626
12.499865718799368 767.515723998462
12.504869668246446 767.5239111504163
12.509873617693524 767.5318530284784
12.514877567140601 767.5395496340583
12.51988151658768 767.5470009685233
12.524885466034757 767.5542070331978
12.529889415481833 767.5611678293633
12.53489336492891 767.5678833582582
12.539897314375988 767.5743536210782
12.544901263823066 767.580578618976
12.549905213270144 767.5865583530615
12.554909162717221 767.5922928244016
12.559913112164297 767.5977820340206
12.564917061611375 767.6030259828995
12.569921011058453 767.6080246719766
12.57492496050553 767.6127781021474
12.579928909952608 767.6172862742645
12.584932859399686 767.6215491891375
12.589936808846762 767.625566847533
12.59494075829384 767.6293392501751
12.599944707740917 767.6328663977447
12.604948657187995 767.6361482908799
12.609952606635073 767.6391849301759
12.614956556082149 767.6419763161853
12.619960505529226 767.6445224494172
12.624964454976304 767.6468233303384
12.629968404423382 767.6488789593727
12.63497235387046 767.6506893369008
12.639976303317537 767.6522544632606
12.644980252764613 767.6535743387474
12.64998420221169 767.6546489636132
12.654988151658769 767.6554783380674
12.659992101105846 767.6560624622764
12.664996050552924 767.6564013363638
12.67 767.6564949604103
