time alt
0.0 0.0
0.005003853564547206 0.0
0.010007707129094412 -0.00024525
0.015011560693641617 -0.0004905
0.020015414258188823 -0.0007250785905909399
0.02501926782273603 -0.0009489857236560664
0.030023121387283233 -0.0011622213149904519
0.03502697495183044 -0.0013647852443000172
0.040030828516377646 -0.0013237242316314695
0.04503468208092485 -0.0009979490259741518
0.05003853564547206 -0.00014376009315636082
0.05504238921001926 0.0014826071617126831
0.060046242774566466 0.0041250010126325475
0.06505009633911367 0.008027371947247463
0.07005394990366089 0.013433791122083451
0.07505780346820809 0.020588468742975555
0.08006165703275529 0.029735772375110416
0.0850655105973025 0.04112024518704846
0.0900693641618497 0.05479891286377679
0.09507321772639692 0.07082884354191406
0.10007707129094412 0.08926714863152656
0.10508092485549132 0.11017098363436988
0.11008477842003853 0.1335975489585804
0.11508863198458573 0.15960409072984055
0.12009248554913293 0.1882479015990411
0.12509633911368015 0.2195863215464627
0.13010019267822734 0.2536767386824994
0.13510404624277456 0.2905765900449446
0.14010789980732177 0.33026732783600166
0.14511175337186896 0.37273038195660246
0.15011560693641618 0.41794716019281614
0.15511946050096337 0.465899048402299
0.16012331406551059 0.5165674107007795
0.1651271676300578 0.5699335896485684
0.170131021194605 0.6259789064370882
0.1751348747591522 0.6846846610754106
0.1801387283236994 0.7460321325767973
0.18514258188824662 0.810002579145234
0.19014643545279383 0.8765964004476513
0.19515028901734102 0.9458139921637154
0.20015414258188824 1.0176557459806561
0.20515799614643543 1.092122049588123
0.21016184971098265 1.169213286673068
0.21516570327552986 1.248929836914657
0.22016955684007705 1.3312720759792085
0.22517341040462427 1.4162403755151596
0.23017726396917146 1.5038351031480615
0.23518111753371868 1.5940566224756016
0.24018497109826586 1.686907252634662
0.24518882466281308 1.7823893103958284
0.2501926782273603 1.880505110151883
0.2551965317919075 1.9812569639062954
0.2602003853564547 2.0846471812617113
0.2652042389210019 2.190678069408442
0.2702080924855491 2.2993519331129484
0.2752119460500963 2.41067107470633
0.28021579961464355 2.524637794072807
0.28521965317919074 2.6412543886382056
0.2902235067437379 2.760526746752103
0.29522736030828517 2.8824607573260743
0.30023121387283236 3.007062309816094
0.30523506743737955 3.1343372942048595
0.31023892100192674 3.2642916009840426
0.315242774566474 3.3969311211364683
0.32024662813102117 3.53226174611822
0.32525048169556836 3.670289367840672
0.3302543352601156 3.811019878652447
0.3352581888246628 3.954459171321303
0.34026204238921 4.100610275895706
0.3452658959537572 4.249476220373142
0.3502697495183044 4.401060030686277
0.3552736030828516 4.555364730792962
0.3602774566473988 4.712393343118248
0.36528131021194604 4.872148888596276
0.37028516377649323 5.034634386658917
0.3752890173410404 5.1998528552244085
0.38029287090558767 5.367803811154079
0.38529672447013485 5.538486766820842
0.39030057803468204 5.71190123010816
0.39530443159922923 5.888046704409047
0.4003082851637765 6.066922688625098
0.40531213872832367 6.248528677165565
0.41031599229287086 6.432864159946454
0.4153198458574181 6.619928622389667
0.4203236994219653 6.809721545422173
0.4253275529865125 7.0022424054752195
0.4303314065510597 7.197492607118373
0.4353352601156069 7.395473552022946
0.4403391136801541 7.596186638954546
0.4453429672447013 7.79963326376562
0.45034682080924854 8.005814819388036
0.4553506743737957 8.214732695825653
0.4603545279383429 8.42638828014692
0.46535838150289016 8.64078295647748
0.47036223506743735 8.857918105992784
0.47536608863198454 9.07779510691073
0.48036994219653173 9.300412689698858
0.485373795761079 9.525769579690373
0.49037764932562616 9.75386449708681
0.49538150289017335 9.984696156960759
0.5003853564547206 10.218263269258628
0.5053892100192677 10.454564538803442
0.510393063583815 10.693598665297689
0.5153969171483622 10.935364343326208
0.5204007707129094 11.17986026235912
0.5254046242774566 11.427085106754804
0.5304084778420038 11.677037285949725
0.535412331406551 11.929715204059308
0.5404161849710982 12.18511725938738
0.5454200385356455 12.44324184390083
0.5504238921001926 12.70408734323502
0.5554277456647398 12.967652136699414
0.5604315992292871 13.233934597283268
0.5654354527938342 13.502933091661387
0.5704393063583815 13.774645980199937
0.5754431599229287 14.049071616962335
0.5804470134874758 14.32620928576395
0.5854508670520231 14.60605826485547
0.5904547206165703 14.888617826923642
0.5954585741811175 15.173887239092055
0.6004624277456647 15.461865762921981
0.6054662813102119 15.752552654413268
0.6104701348747591 16.045947164005288
0.6154739884393063 16.342048536577924
0.6204778420038535 16.640856011452637
0.6254816955684007 16.94236882239356
0.630485549132948 17.246583363645943
0.6354894026974951 17.553496021760303
0.6404932562620423 17.863103175611688
0.6454971098265896 18.175401196418964
0.6505009633911367 18.490386447764195
0.655504816955684 18.808055285612106
0.6605086705202312 19.1284040583296
0.6655125240847783 19.451429106705355
0.6705163776493256 19.77712676396949
0.6755202312138728 20.10549335581332
0.68052408477842 20.436526176386657
0.6855279383429672 20.770222513048108
0.6905317919075143 21.106579646378247
0.6955356454720616 21.445594850192865
0.7005394990366088 21.787265391556275
0.705543352601156 22.13158853079469
0.7105472061657032 22.47856152150967
0.7155510597302505 22.828181610591614
0.7205549132947976 23.180446038233338
0.7255587668593448 23.535352038125723
0.7305626204238921 23.89289558129862
0.7355664739884392 24.253072631740334
0.7405703275529865 24.61587914641828
0.7455741811175337 24.98131107529972
0.7505780346820808 25.349364361372544
0.7555818882466281 25.720034940666128
0.7605857418111753 26.09331874227221
0.7655895953757225 26.46921168836585
0.7705934489402697 26.847709869681264
0.775597302504817 27.228809370196863
0.7806011560693641 27.612506267155172
0.7856050096339113 27.998796631082797
0.7906088631984585 28.387676525810456
0.7956127167630057 28.779142008493046
0.800616570327553 29.173189129629787
0.8056204238921001 29.569813933084387
0.8106242774566473 29.969012456105283
0.8156281310211946 30.370780729345913
0.8206319845857417 30.775110919461714
0.825635838150289 31.1819951840534
0.8306396917148362 31.591425671718167
0.8356435452793833 32.003394522100926
0.8406473988439306 32.41789386594556
0.8456512524084778 32.83491582514621
0.850655105973025 33.25445251279863
0.8556589595375722 33.67649603325148
0.8606628131021195 34.101038482157755
0.8656666666666666 34.52807194652615
0.8706705202312138 34.95758563468016
0.875674373795761 35.38956874466279
0.8806782273603082 35.82401046431686
0.8856820809248555 36.26089997136531
0.8906859344894026 36.700226433491444
0.8956897880539498 37.141979008419185
0.9006936416184971 37.586146843993305
0.9056974951830442 38.0327190782596
0.9107013487475915 38.48168483954506
0.9157052023121387 38.93303324653797
0.9207090558766858 39.38675753551793
0.9257129094412331 39.84285093343002
0.9307167630057803 40.30130665771908
0.9357206165703275 40.762117916389734
0.9407244701348747 41.225277908066445
0.945728323699422 41.69077982205363
0.9507321772639691 42.158616838395744
0.9557360308285163 42.62878212793749
0.9607398843930635 43.10126885238395
0.9657437379576107 43.57607016436082
0.970747591522158 44.05317585926738
0.9757514450867051 44.53257572182939
0.9807552986512523 45.01425952620018
0.9857591522157996 45.49821703606163
0.9907630057803467 45.9844380047251
0.995766859344894 46.47291217523219
1.0007707129094412 46.96362928045548
1.0057745664739883 47.45657904319913
1.0107784200385355 47.95175117629935
1.0157822736030828 48.44913538272479
1.02078612716763 48.948718455697836
1.025789980732177 49.450487177455386
1.0307938342967244 49.95442831938932
1.0357976878612716 50.46052864218665
1.0408015414258187 50.96877489596943
1.045805394990366 51.47915382043433
1.0508092485549132 51.99165214499195
1.0558131021194603 52.506256588905856
1.0608169556840077 53.022953861431255
1.0658208092485548 53.541730661953416
1.070824662813102 54.062575090331386
1.0758285163776493 54.58547523738127
1.0808323699421964 55.11041918499379
1.0858362235067436 55.63739500625162
1.090840077071291 56.16639076554647
1.095843930635838 56.69739451869586
1.1008477842003852 57.23039431305975
1.1058516377649326 57.76537818765679
1.1108554913294797 58.302334173280414
1.1158593448940268 58.84125029261457
1.1208631984585742 59.38211268708827
1.1258670520231213 59.92490748962813
1.1308709055876685 60.469620824799456
1.1358747591522158 61.01623880894689
1.140878612716763 61.56474755033471
1.14588246628131 62.11513314928666
1.1508863198458574 62.66738169829844
1.1558901734104046 63.221479281340706
1.1608940269749517 63.777415692180355
1.165897880539499 64.33518071703512
1.1709017341040462 64.8947641346829
1.1759055876685933 65.45615571657098
1.1809094412331407 66.01934522692477
1.1859132947976878 66.58432242285643
1.190917148362235 67.15107705447309
1.195921001926782 67.71959886498483
1.2009248554913294 68.28987759081231
1.2059287090558766 68.86190296169414
1.2109325626204237 69.435665693854
1.215936416184971 70.01115649727258
1.2209402697495182 70.58836607578084
1.2259441233140653 71.16728512715308
1.2309479768786127 71.7479043431997
1.2359518304431598 72.33021440985976
1.240955684007707 72.91420600729319
1.2459595375722543 73.49986980997286
1.2509633911368014 74.08719648677634
1.2559672447013486 74.67617670107732
1.260971098265896 75.26680036151453
1.265974951830443 75.85905737127408
1.2709788053949902 76.45293762818982
1.2759826589595376 77.04843102484321
1.2809865125240847 77.64552744866296
1.2859903660886318 78.24421678202428
1.2909942196531792 78.8444889023478
1.2959980732177263 79.4463336821982
1.3010019267822734 80.04974098938236
1.3060057803468208 80.65470068704731
1.311009633911368 81.26120455198972
1.316013487475915 81.86924435677463
1.3210173410404624 82.47881186980912
1.3260211946050096 83.08989885541581
1.3310250481695567 83.70249707390609
1.336028901734104 84.31659828165313
1.3410327552986512 84.93219423116473
1.3460366088631983 85.54927667115581
1.3510404624277457 86.16783734662076
1.3560443159922928 86.78786799890555
1.36104816955684 87.40935648066629
1.3660520231213873 88.03229064076413
1.3710558766859344 88.65665832438462
1.3760597302504816 89.28244737315649
1.3810635838150287 89.90964562526983
1.386067437379576 90.53824091559378
1.3910712909441232 91.16822107579354
1.3960751445086703 91.7995739344469
1.4010789980732177 92.43228731716012
1.4060828516377648 93.06634904668329
1.411086705202312 93.70171377300248
1.4160905587668593 94.3383361434169
1.4210944123314064 94.9761708034299
1.4260982658959536 95.6151723976315
1.431102119460501 96.2552955705722
1.436105973025048 96.89649496762814
1.4411098265895952 97.53872523585756
1.4461136801541425 98.1819410248484
1.4511175337186897 98.82609698755725
1.4561213872832368 99.47114778113925
1.4611252408477842 100.11700904051756
1.4661290944123313 100.76359641372177
1.4711329479768784 101.4108255644109
1.4761368015414258 102.05861217436498
1.481140655105973 102.70687194594525
1.48614450867052 103.3555206045226
1.4911483622350674 104.0044739008741
1.4961522157996145 104.65364761354765
1.5011560693641617 105.30299946457234
1.506159922928709 105.95248719147999
1.5111637764932562 106.60206854789065
1.5161676300578033 107.25170130408999
1.5211714836223507 107.90134331126188
1.5261753371868978 108.55095235615882
1.531179190751445 109.20048624782298
1.5361830443159923 109.84990281756257
1.5411868978805394 110.49915991892072
1.5461907514450866 111.1482154276369
1.551194605009634 111.79705325694908
1.556198458574181 112.44565732849013
1.5612023121387282 113.09401157226627
1.5662061657032753 113.74209992663458
1.5712100192678227 114.38990633827943
1.5762138728323698 115.03741476218781
1.581217726396917 115.68460916162364
1.5862215799614643 116.33147350810101
1.5912254335260114 116.97799178135642
1.5962292870905586 117.6241479693199
1.601233140655106 118.26993610350429
1.606236994219653 118.91535021831677
1.6112408477842002 119.56038435104736
1.6162447013487475 120.2050325418572
1.6212485549132947 120.84929500259788
1.6262524084778418 121.49317194476262
1.6312562620423892 122.13666357948674
1.6362601156069363 122.77977011754842
1.6412639691714834 123.42249176936932
1.6462678227360308 124.06482874501516
1.651271676300578 124.70678125419646
1.656275529865125 125.34834950626903
1.6612793834296724 125.98953371023477
1.6662832369942195 126.63033407474215
1.6712870905587667 127.27075080808696
1.676290944123314 127.91078411821286
1.6812947976878612 128.55043421271205
1.6862986512524083 129.18970129882584
1.6913025048169557 129.82858558344535
1.6963063583815028 130.46708727311207
1.70131021194605 131.10520657401855
1.7063140655105973 131.74294369200894
1.7113179190751444 132.3802988325796
1.7163217726396915 133.01727220087983
1.721325626204239 133.65386400171238
1.726329479768786 134.2900744395341
1.7313333333333332 134.92590371845654
1.7363371868978805 135.56135204224657
1.7413410404624277 136.196419614327
1.7463448940269748 136.83110663777714
1.751348747591522 137.46541331533345
1.7563526011560693 138.09933984939016
1.7613564547206164 138.7328864419998
1.7663603082851635 139.36605329487386
1.771364161849711 139.9988406093834
1.776368015414258 140.63124858655956
1.7813718689788052 141.26327742709432
1.7863757225433525 141.89492733134088
1.7913795761078997 142.52619849931443
1.7963834296724468 143.15709113069266
1.8013872832369942 143.7876054248164
1.8063911368015413 144.41774158069012
1.8113949903660884 145.04749979698263
1.8163988439306358 145.6768802720276
1.821402697495183 146.30588320382415
1.82640655105973 146.93450879003743
1.8314104046242774 147.56275722799924
1.8364142581888245 148.19062871470857
1.8414181117533717 148.81812344683217
1.846421965317919 149.4452416207052
1.8514258188824662 150.07198343233168
1.8564296724470133 150.69834907738525
1.8614335260115606 151.32433875120952
1.8664373795761078 151.94995264881885
1.871441233140655 152.57519096489878
1.8764450867052023 153.20005389380665
1.8814489402697494 153.82454162957217
1.8864527938342965 154.44865436589797
1.891456647398844 155.0723922961602
1.896460500963391 155.695755613409
1.9014643545279382 156.31874451036924
1.9064682080924855 156.94135917944092
1.9114720616570327 157.56359981269978
1.9164759152215798 158.18546660189784
1.921479768786127 158.806959738464
1.9264836223506743 159.42807941350458
1.9314874759152214 160.04882581780384
1.9364913294797685 160.6691991418246
1.941495183044316 161.28919957570872
1.946499036608863 161.90882730927765
1.9515028901734102 162.5280825320331
1.9565067437379575 163.1469654331574
1.9615105973025047 163.7654762015142
1.9665144508670518 164.38361502564894
1.9715183044315991 165.00138209378943
1.9765221579961463 165.61877759384635
1.9815260115606934 166.23580171341382
1.9865298651252408 166.85245463976992
1.991533718689788 167.46873655987724
1.996537572254335 168.08464766038347
2.0015414258188824 168.7001881276218
2.0065452793834297 169.31535814761162
2.0115491329479767 169.9301579060589
2.016552986512524 170.54458758835682
2.021556840077071 171.1586473795863
2.0265606936416183 171.77233746451648
2.0315645472061656 172.38565802760525
2.0365684007707126 172.99860925299978
2.04157225433526 173.61119132453712
2.0465761078998073 174.2234044257446
2.051579961464354 174.8352487398405
2.0565838150289015 175.44672444973438
2.061587668593449 176.0578317380278
2.066591522157996 176.66857078701472
2.071595375722543 177.278941778682
2.0765992292870905 177.88894489471002
2.0816030828516374 178.49858031647312
2.0866069364161848 179.1078482250401
2.091610789980732 179.7167488011748
2.096614643545279 180.32528222533654
2.1016184971098264 180.9334486776807
2.1066223506743738 181.54124833805915
2.1116262042389207 182.14868138602083
2.116630057803468 182.75574800081222
2.1216339113680154 183.36244836137786
2.1266377649325623 183.96878264636084
2.1316416184971096 184.5747510341033
2.136645472061657 185.18035370264693
2.141649325626204 185.7855908297335
2.1466531791907513 186.39046259280536
2.1516570327552986 186.99496916900586
2.1566608863198455 187.59911073517992
2.161664739884393 188.20288746787455
2.1666685934489402 188.80629954333926
2.171672447013487 189.40934713752665
2.1766763005780345 190.0120304260928
2.181680154142582 190.6143495843978
2.186684007707129 191.21630478750626
2.191687861271676 191.81789621018785
2.1966917148362235 192.41912402691764
2.2016955684007704 193.01998841187674
2.2066994219653178 193.62048953895265
2.211703275529865 194.22062758173985
2.216707129094412 194.8204027135402
2.2217109826589594 195.41981510736355
2.2267148362235067 196.01886493592804
2.2317186897880537 196.61755237166074
2.236722543352601 197.215877586698
2.2417263969171484 197.81384075288608
2.2467302504816953 198.41144204178144
2.2517341040462426 199.00868162465133
2.25673795761079 199.60555967247427
2.261741811175337 200.20207635594048
2.2667456647398843 200.79823184545236
2.2717495183044316 201.39402631112497
2.2767533718689785 201.9894599227865
2.281757225433526 202.5845328499787
2.2867610789980732 203.17924526195742
2.29176493256262 203.773597327693
2.2967687861271675 204.3675892158708
2.301772639691715 204.96122109489158
2.3067764932562618 205.5544931328721
2.311780346820809 206.14740549764542
2.3167842003853565 206.73995835676146
2.3217880539499034 207.3321518774874
2.3267919075144508 207.92398622680824
2.331795761078998 208.51546157142715
2.336799614643545 209.10657807776596
2.3418034682080924 209.6973359119656
2.3468073217726397 210.28773523988662
2.3518111753371866 210.87777622710956
2.356815028901734 211.46745903893546
2.3618188824662814 212.05678384038626
2.3668227360308283 212.64575079620528
2.3718265895953756 213.23436007085766
2.376830443159923 213.82261182853085
2.38183429672447 214.41050623313495
2.3868381502890172 214.9980434483033
2.391842003853564 215.58522363739274
2.3968458574181115 216.1720469634843
2.401849710982659 216.75851358938334
2.406853564547206 217.34462367762026
2.411857418111753 217.93037739045081
2.4168612716763005 218.51577488985654
2.4218651252408474 219.10081633754524
2.4268689788053948 219.68550189495136
2.431872832369942 220.2698317232365
2.436876685934489 220.85380598328985
2.4418805394990364 221.43742483572848
2.4468843930635837 222.02068844089797
2.4518882466281307 222.60359695887274
2.456892100192678 223.18615054945644
2.4618959537572254 223.76834937218248
2.4668998073217723 224.3501935863144
2.4719036608863196 224.93168335084624
2.476907514450867 225.5128188245031
2.481911368015414 226.09360016574155
2.4869152215799613 226.67402753274985
2.4919190751445086 227.25410108344863
2.4969229287090555 227.8338209754912
2.501926782273603 228.41318736626394
2.5069306358381502 228.9922004128868
2.511934489402697 229.57086027221365
2.5169383429672445 230.14916710083273
2.521942196531792 230.72712105506707
2.5269460500963388 231.3047222909749
2.531949903660886 231.88197096435005
2.5369537572254335 232.4588672307224
2.5419576107899804 233.03541124535826
2.5469614643545277 233.61160316326078
2.551965317919075 234.18744313917043
2.556969171483622 234.7629313275653
2.5619730250481694 235.3380678826616
2.5669768786127167 235.912852958414
2.5719807321772636 236.4872867085161
2.576984585741811 237.06136928640083
2.5819884393063584 237.6351008452408
2.5869922928709053 238.20848153794876
2.5919961464354526 238.78151151717796
2.597 239.3541909353226
2.602003853564547 239.9265199445182
2.6070077071290942 240.498498696642
2.6120115606936416 241.07012734331337
2.6170154142581885 241.64140603589425
2.622019267822736 242.21233492548944
2.6270231213872832 242.78291416294712
2.63202697495183 243.35314389885914
2.6370308285163775 243.92302428356152
2.642034682080925 244.49255546713474
2.6470385356454718 245.0617375994042
2.652042389210019 245.63057082994064
2.6570462427745665 246.19905530806042
2.6620500963391134 246.76719118282602
2.6670539499036607 247.33497860304635
2.672057803468208 247.90241771727722
2.677061657032755 248.46950867382165
2.6820655105973024 249.03625162073033
2.6870693641618497 249.6026467058019
2.6920732177263966 250.1686940765835
2.697077071290944 250.734393880371
2.7020809248554913 251.29974626420938
2.7070847784200383 251.8647513748933
2.7120886319845856 252.4294093589673
2.717092485549133 252.99372036272618
2.72209633911368 253.55768453221552
2.7271001926782272 254.12130201323194
2.7321040462427746 254.6845729513235
2.7371078998073215 255.2474974917901
2.742111753371869 255.8100757796839
2.7471156069364158 256.3723079598095
2.752119460500963 256.93419417672465
2.7571233140655105 257.49573457474025
2.7621271676300574 258.05692929792104
2.7671310211946047 258.61777849008575
2.772134874759152 259.17828229480756
2.777138728323699 259.7384408554145
2.7821425818882464 260.29825431498983
2.7871464354527937 260.85772281637225
2.7921502890173406 261.41684650215643
2.797154142581888 261.9756255146933
2.8021579961464353 262.5340599960906
2.8071618497109823 263.09215008821286
2.8121657032755296 263.64989593268217
2.817169556840077 264.2072976708783
2.822173410404624 264.7643554439391
2.8271772639691712 265.32106939276093
2.8321811175337186 265.877439657999
2.8371849710982655 266.43346638006767
2.842188824662813 266.9891496991409
2.84719267822736 267.5444897551525
2.852196531791907 268.09948668779657
2.8572003853564545 268.6541406365278
2.862204238921002 269.208451740562
2.8672080924855488 269.76242013887617
2.872211946050096 270.316045970209
2.8772157996146435 270.8693293730613
2.8822196531791904 271.42227048569623
2.8872235067437377 271.97486944613973
2.892227360308285 272.5271263921808
2.897231213872832 273.07904146137184
2.9022350674373794 273.6306147910292
2.9072389210019267 274.1818465182332
2.9122427745664736 274.7327367798288
2.917246628131021 275.28328571242577
2.9222504816955683 275.83349345239895
2.9272543352601152 276.38336013588884
2.9322581888246626 276.9328858988049
2.93726204238921 277.4820708768568
2.942265895953757 278.03091520556234
2.9472697495183042 278.57941902024754
2.9522736030828516 279.1275824560473
2.9572774566473985 279.6754056479054
2.962281310211946 280.2228887305747
2.967285163776493 280.7700318386176
2.97228901734104 281.3168351064063
2.9772928709055875 281.86329866812287
2.982296724470135 282.40942265775965
2.9873005780346817 282.9552072091196
2.992304431599229 283.50065245581635
2.9973082851637765 284.04575853127466
3.0023121387283234 284.5905255687306
3.0073159922928707 285.1349537012317
3.012319845857418 285.6790430616375
3.017323699421965 286.2227937826195
3.0223275529865123 286.7662059966616
3.0273314065510597 287.3092798360603
3.0323352601156066 287.852015432925
3.037339113680154 288.39441291917825
3.0423429672447013 288.936472426556
3.0473468208092482 289.4781940866078
3.0523506743737956 290.01957803069706
3.057354527938343 290.56062439000146
3.06235838150289 291.1013332955131
3.067362235067437 291.6417048780387
3.0723660886319846 292.1817392681999
3.0773699421965315 292.72143659643365
3.082373795761079 293.26079699299214
3.087377649325626 293.79982058794343
3.092381502890173 294.3385075111715
3.0973853564547205 294.8768578923764
3.102389210019268 295.41487186107474
3.1073930635838147 295.95254954659987
3.112396917148362 296.48989107810206
3.117400770712909 297.02689658454875
3.1224046242774564 297.56356619472484
3.1274084778420037 298.099900037233
3.1324123314065506 298.63589824049376
3.137416184971098 299.17156093274593
3.1424200385356453 299.7068882420468
3.1474238921001922 300.2418802962722
3.1524277456647396 300.7765372231171
3.157431599229287 301.31085915009555
3.162435452793834 301.8448462045411
3.1674393063583812 302.3784985136069
3.1724431599229286 302.9118162042662
3.1774470134874755 303.4447994033122
3.182450867052023 303.9774482373586
3.18745472061657 304.5097628328399
3.192458574181117 305.0417433160113
3.1974624277456645 305.57338981294936
3.202466281310212 306.10470244955184
3.2074701348747587 306.63568135153827
3.212473988439306 307.16632664444995
3.2174778420038534 307.6966384536504
3.2224816955684004 308.2266169043254
3.2274855491329477 308.75626212148336
3.232489402697495 309.28557422995556
3.237493256262042 309.8145533543963
3.2424971098265893 310.34319961928327
3.2475009633911367 310.87151314891764
3.2525048169556836 311.39949406742437
3.257508670520231 311.92714249875246
3.2625125240847783 312.45445856667516
3.2675163776493252 312.98144239479024
3.2725202312138726 313.5080941065202
3.27752408477842 314.0344138251125
3.282527938342967 314.5604016736398
3.287531791907514 315.08605777500014
3.2925356454720616 315.6113822519174
3.2975394990366085 316.1363752269412
3.302543352601156 316.66103682244733
3.307547206165703 317.18536716063795
3.31255105973025 317.70936636354185
3.3175549132947975 318.23303455301465
3.322558766859345 318.756371850739
3.3275626204238917 319.2793783782249
3.332566473988439 319.80205425680987
3.3375703275529864 320.3243996076591
3.3425741811175333 320.84641455176575
3.3475780346820807 321.3680992099513
3.352581888246628 321.88945370286564
3.357585741811175 322.4104781509873
3.3625895953757223 322.93117267462367
3.3675934489402697 323.45153739391134
3.3725973025048166 323.97157242881616
3.377601156069364 324.4912778991336
3.3826050096339113 325.0106539244889
3.387608863198458 325.5297006243374
3.3926127167630056 326.0484181179646
3.397616570327553 326.56680652448654
3.4026204238921 327.0848659628499
3.407624277456647 327.6025965518323
3.4126281310211946 328.1199984100424
3.4176319845857415 328.63707165592047
3.422635838150289 329.15381640773813
3.427639691714836 329.67023278359886
3.432643545279383 330.18632090143825
3.4376473988439304 330.7020808790241
3.442651252408478 331.2175128339566
3.4476551059730247 331.73261688366875
3.452658959537572 332.2473931454264
3.4576628131021194 332.76184173632845
3.4626666666666663 333.2759627733073
3.4676705202312137 333.7897563731288
3.472674373795761 334.3032226523926
3.477678227360308 334.81636172753235
3.4826820809248553 335.3291737148159
3.4876859344894022 335.8416587303456
3.4926897880539496 336.3538168900584
3.497693641618497 336.86564830972605
3.502697495183044 337.3771531049555
3.507701348747591 337.88833139118884
3.5127052023121386 338.3991832837038
3.5177090558766855 338.9097088976137
3.522712909441233 339.41990834786793
3.52771676300578 339.92978174925196
3.532720616570327 340.4393292163876
3.5377244701348745 340.9485508637332
3.542728323699422 341.457446805584
3.5477321772639687 341.96601715607216
3.552736030828516 342.474262029167
3.5577398843930634 342.9821815386753
3.5627437379576103 343.4897757982415
3.5677475915221577 343.9970449213478
3.572751445086705 344.5039890213145
3.577755298651252 345.01060821130005
3.5827591522157993 345.5169026043015
3.5877630057803467 346.02287231315444
3.5927668593448936 346.5285174505334
3.597770712909441 347.03383812895197
3.6027745664739883 347.5388344607631
3.607778420038535 348.0435065581591
3.6127822736030826 348.547854533172
3.61778612716763 349.0518784976739
3.622789980732177 349.55557856337674
3.627793834296724 350.05895484183304
3.6327976878612716 350.56200744443566
3.6378015414258185 351.0647364824182
3.642805394990366 351.5671420668553
3.647809248554913 352.06922430866257
3.65281310211946 352.5709833185971
3.6578169556840074 353.0724192072574
3.662820809248555 353.57353208508374
3.6678246628131017 354.07432206235836
3.672828516377649 354.5747892492056
3.6778323699421964 355.07493375559216
3.6828362235067433 355.57475569132725
3.6878400770712907 356.0742551660629
3.692843930635838 356.573432289294
3.697847784200385 357.0722871703585
3.7028516377649323 357.57081991843785
3.7078554913294797 358.0690306425569
3.7128593448940266 358.5669194515844
3.717863198458574 359.0644864542328
3.7228670520231213 359.56173175905883
3.727870905587668 360.0586554744635
3.7328747591522156 360.5552577086923
3.737878612716763 361.0515385698355
3.74288246628131 361.54749816582824
3.747886319845857 362.0431366044508
3.7528901734104045 362.5384539933287
3.7578940269749515 363.03345043993295
3.762897880539499 363.52812605158033
3.767901734104046 364.0224809354334
3.772905587668593 364.51651519850094
3.7779094412331404 365.0102289476378
3.782913294797688 365.50362228954543
3.7879171483622347 365.9966953307719
3.792921001926782 366.4894481777121
3.7979248554913294 366.98188093660804
3.8029287090558763 367.4739937135488
3.8079325626204237 367.96578661447097
3.812936416184971 368.45725974515875
3.817940269749518 368.94841321124414
3.8229441233140653 369.4392471182071
3.8279479768786127 369.92976157137576
3.8329518304431596 370.41995667592664
3.837955684007707 370.9098325368848
3.842959537572254 371.399389259124
3.847963391136801 371.8886269473671
3.8529672447013485 372.37754570618574
3.8579710982658955 372.8661456400012
3.862974951830443 373.3544268530841
3.86797880539499 373.8423894495547
3.872982658959537 374.3300335333832
3.8779865125240844 374.8173592083898
3.882990366088632 375.3043665782449
3.8879942196531787 375.79105574646945
3.892998073217726 376.2774268164348
3.8980019267822734 376.76347989136326
3.9030057803468203 377.249215074328
3.9080096339113677 377.7346324682534
3.913013487475915 378.2197321759151
3.918017341040462 378.70451429994034
3.9230211946050093 379.18897894280803
3.9280250481695567 379.67312620684896
3.9330289017341036 380.156956194246
3.938032755298651 380.64046900703414
3.9430366088631983 381.123664747101
3.948040462427745 381.6065435161866
3.9530443159922926 382.0891054158839
3.95804816955684 382.57135054763876
3.963052023121387 383.0532790127502
3.968055876685934 383.5348909123705
3.9730597302504815 384.0161863475055
3.9780635838150284 384.49716541901466
3.983067437379576 384.97782822761144
3.988071290944123 385.4581748738632
3.99307514450867 385.93820545819153
3.9980789980732174 386.4179200808725
4.003082851637765 386.89731884203655
4.008086705202312 387.37640184166906
4.0130905587668595 387.85516917961024
4.018094412331406 388.33362095555543
4.023098265895953 388.8117572690552
4.028102119460501 389.2895782195156
4.033105973025048 389.7670839061982
4.038109826589595 390.2442744282205
4.043113680154142 390.72114988455587
4.048117533718689 391.1977103740339
4.053121387283237 391.6739559953404
4.058125240847784 392.14988684701774
4.063129094412331 392.6255030274649
4.068132947976879 393.10080463493773
4.073136801541425 393.57579176754905
4.0781406551059725 394.05046452326883
4.08314450867052 394.5248229999245
4.088148362235067 394.9988672952008
4.0931522157996145 395.47259750664034
4.098156069364162 395.9460137316436
4.103159922928708 396.41911606746885
4.108163776493256 396.89190461123286
4.113167630057803 397.36437945991054
4.11817148362235 397.83654071033544
4.123175337186898 398.3083884591998
4.128179190751445 398.7799228030547
4.133183044315992 399.2511438383103
4.138186897880539 399.7220516612359
4.143190751445086 400.19264636796026
4.148194605009634 400.6629280544716
4.153198458574181 401.1328968166178
4.158202312138728 401.6025527501068
4.163206165703275 402.0718959505064
4.168210019267822 402.54092651324476
4.1732138728323696 403.00964453361024
4.178217726396917 403.4780501067518
4.183221579961464 403.94614332767924
4.188225433526012 404.41392429126296
4.193229287090558 404.8813930922346
4.1982331406551054 405.34854982518686
4.203236994219653 405.81539458457394
4.2082408477842 406.2819274647114
4.2132447013487475 406.7481485597765
4.218248554913295 407.21405796380844
4.223252408477841 407.6796557707084
4.228256262042389 408.1449420742397
4.233260115606936 408.6099169680279
4.238263969171483 409.0745805455612
4.243267822736031 409.53893290019045
4.248271676300578 410.00297412512913
4.253275529865125 410.4667043134539
4.258279383429672 410.93012355810436
4.263283236994219 411.39323195188354
4.268287090558767 411.8560295874579
4.273290944123314 412.31851655735744
4.278294797687861 412.780692953976
4.283298651252408 413.24255886957127
4.288302504816955 413.7041143962651
4.2933063583815025 414.16535962604354
4.29831021194605 414.6262946507571
4.303314065510597 415.08691956212067
4.308317919075145 415.5472344517141
4.313321772639691 416.00723941098187
4.318325626204238 416.4669345312337
4.323329479768786 416.9263199036443
4.328333333333333 417.38539561925387
4.3333371868978805 417.84416176896804
4.338341040462428 418.302618443558
4.343344894026974 418.76076573366095
4.348348747591522 419.21860372977983
4.353352601156069 419.6761325222838
4.358356454720616 420.1333522014083
4.363360308285164 420.5902628572551
4.368364161849711 421.04686457979255
4.373368015414258 421.50315745885587
4.378371868978805 421.959141584147
4.383375722543352 422.414817045235
4.3883795761079 422.870183931556
4.393383429672447 423.32524233241367
4.3983872832369935 423.77999233697886
4.403391136801541 424.2344340342903
4.408394990366088 424.68856751325444
4.4133988439306355 425.14239286264564
4.418402697495183 425.59591017110637
4.42340655105973 426.0491195271473
4.428410404624277 426.5020210191475
4.433414258188824 426.9546147353546
4.438418111753371 427.40690076388495
4.443421965317919 427.85887919272363
4.448425818882466 428.3105501097248
4.4534296724470135 428.7619136026117
4.45843352601156 429.21296975897684
4.463437379576107 429.6637186662822
4.468441233140655 430.11416041185925
4.473445086705202 430.56429508290927
4.478448940269749 431.01412276650336
4.483452793834297 431.4636435495888
4.488456647398843 431.91285751901813
4.493460500963391 432.36176476155305
4.498464354527938 432.81036536386455
4.503468208092485 433.25865941253284
4.508472061657033 433.7066469940477
4.51347591522158 434.1543281948083
4.5184797687861264 434.6017031011235
4.523483622350674 435.048771799212
4.528487475915221 435.49553437520206
4.5334913294797685 435.941990915132
4.538495183044316 436.38814150495017
4.543499036608863 436.83398623051494
4.54850289017341 437.27952517759485
4.553506743737957 437.72475843186885
4.558510597302504 438.16968607892613
4.563514450867052 438.6143082042665
4.568518304431599 439.05862489330013
4.5735221579961465 439.50263623134805
4.578526011560693 439.946342303642
4.58352986512524 440.38974319532446
4.588533718689788 440.83283899144897
4.593537572254335 441.2756297769801
4.598541425818882 441.71811563679347
4.60354527938343 442.160296655676
4.608549132947976 442.60217291832583
4.6135529865125235 443.0437445093526
4.618556840077071 443.48501151327747
4.623560693641618 443.92597401453304
4.628564547206166 444.3666320974637
4.633568400770713 444.80698584632563
4.638572254335259 445.24703534528686
4.643576107899807 445.68678067842734
4.648579961464354 446.12622192973913
4.6535838150289015 446.56535918312636
4.658587668593449 447.00419252240545
4.663591522157996 447.44272203130515
4.668595375722543 447.8809477934666
4.67359922928709 448.3188698924434
4.678603082851637 448.7564884117018
4.683606936416185 449.1938034346208
4.688610789980732 449.63081504449207
4.6936146435452795 450.0675233245202
4.698618497109826 450.50392835782276
4.703622350674373 450.9400302274303
4.708626204238921 451.3758290162866
4.713630057803468 451.8113248072486
4.718633911368015 452.2465176830865
4.723637764932563 452.68140772648405
4.728641618497109 453.11599502003844
4.7336454720616565 453.55027964626044
4.738649325626204 453.9842616875745
4.743653179190751 454.41794122631876
4.748657032755299 454.8513183447454
4.753660886319846 455.2843931250203
4.758664739884392 455.7171656492236
4.76366859344894 456.1496359993494
4.768672447013487 456.5818042573061
4.7736763005780345 457.0136705049163
4.778680154142582 457.4452348239172
4.783684007707128 457.8764972959602
4.788687861271676 458.3074580026114
4.793691714836223 458.73811702535147
4.79869556840077 459.16847444557595
4.803699421965318 459.59853034459513
4.808703275529865 460.0282848036342
4.813707129094412 460.45773790383333
4.818710982658959 460.88688972624783
4.823714836223506 461.3157403518481
4.828718689788054 461.74428986151986
4.833722543352601 462.1725383360642
4.838726396917148 462.60048585619757
4.843730250481695 463.02813250255195
4.848734104046242 463.45547835567504
4.8537379576107895 463.88252349603005
4.858741811175337 464.30926800399607
4.863745664739884 464.735711959868
4.868749518304432 465.1618554438568
4.873753371868978 465.58769853608925
4.878757225433525 466.01324131660846
4.883761078998073 466.43848386537366
4.88876493256262 466.86342626226036
4.8937687861271675 467.2880685870605
4.898772639691715 467.71241091948235
4.903776493256261 468.1364533391509
4.908780346820809 468.56019592560756
4.913784200385356 468.9836387583107
4.918788053949903 469.4067819166352
4.923791907514451 469.82962547987313
4.928795761078998 470.2521695272333
4.9337996146435446 470.67441413784167
4.938803468208092 471.09635939074127
4.943807321772639 471.5180053648924
4.948811175337187 471.9393521391727
4.953815028901734 472.36039979237705
4.958818882466281 472.78114840321797
4.963822736030828 473.2015980503254
4.968826589595375 473.62174881224695
4.9738304431599225 474.041600767448
4.97883429672447 474.4611539943117
4.983838150289017 474.880408571139
4.988842003853565 475.299364576149
4.993845857418111 475.7180220874787
4.998849710982658 476.13638118318323
5.003853564547206 476.554441941236
5.008857418111753 476.9722044395287
5.0138612716763005 477.38966875587136
5.018865125240848 477.80683496799253
5.023868978805394 478.2237031535393
5.028872832369942 478.6402733900773
5.033876685934489 479.05654575509095
5.038880539499036 479.4725203259834
5.043884393063584 479.88819718007665
5.048888246628131 480.30357639461175
5.0538921001926775 480.71865804674866
5.058895953757225 481.1334422135666
5.063899807321772 481.5479289720638
5.06890366088632 481.9621183991579
5.073907514450867 482.37601057168575
5.078911368015414 482.78960556640385
5.083915221579961 483.202903459988
5.088919075144508 483.6159043290338
5.0939229287090555 484.0286082500563
5.098926782273603 484.44101529949046
5.10393063583815 484.853125553691
5.108934489402698 485.2649390889325
5.113938342967244 485.6764559814098
5.118942196531791 486.0876763072375
5.123946050096339 486.49860014245047
5.128949903660886 486.90922756300387
5.1339537572254335 487.31955864477305
5.13895761078998 487.72959346355384
5.143961464354527 488.13933209506257
5.148965317919075 488.548774614936
5.153969171483622 488.95792109873156
5.158973025048169 489.36677162192746
5.163976878612717 489.77532625992256
5.168980732177263 490.18358508803675
5.1739845857418105 490.5915481815107
5.178988439306358 490.99921561550616
5.183992292870905 491.406587465106
5.188996146435453 491.8136638053142
5.194 492.2204447110561
5.199003853564546 492.6269302571782
5.204007707129094 493.0331205184485
5.209011560693641 493.43901556955666
5.2140154142581885 493.84461548511354
5.219019267822736 494.2499203396519
5.224023121387283 494.65493020762614
5.22902697495183 495.0596451634124
5.234030828516377 495.4640652813089
5.239034682080924 495.8681906355354
5.244038535645472 496.27202130023414
5.249042389210019 496.67555734946916
5.2540462427745664 497.0787988572268
5.259050096339113 497.4817458974155
5.26405394990366 497.88439854386627
5.269057803468208 498.28675687033234
5.274061657032755 498.68882095048946
5.279065510597302 499.090590857936
5.28406936416185 499.4920666661928
5.289073217726396 499.89324844870356
5.2940770712909435 500.29413627883474
5.299080924855491 500.69473022987563
5.304084778420038 501.09503037503845
5.309088631984586 501.49503678745845
5.314092485549133 501.89474954019386
5.319096339113679 502.29416870622623
5.324100192678227 502.6932943584602
5.329104046242774 503.09212656972386
5.3341078998073215 503.4906654127685
5.339111753371869 503.8889109602691
5.344115606936416 504.2868632848239
5.349119460500963 504.6845224589549
5.35412331406551 505.0818885551078
5.359127167630057 505.478961645652
5.364131021194605 505.8757418028807
5.369134874759152 506.2722290990111
5.374138728323699 506.66842360618426
5.379142581888246 507.06432539646534
5.384146435452793 507.4599345418436
5.389150289017341 507.85525111423254
5.394154142581888 508.2502751854699
5.399157996146435 508.64500682731773
5.404161849710983 509.03944611146255
5.409165703275529 509.4335931095153
5.4141695568400765 509.82744789301154
5.419173410404624 510.22101053341146
5.424177263969171 510.6142811020999
5.429181117533719 511.0072596703865
5.434184971098266 511.39994630950576
5.439188824662812 511.7923410906172
5.44419267822736 512.1844440848051
5.449196531791907 512.5762553630791
5.4542003853564545 512.9677749963736
5.459204238921002 513.3590030555486
5.464208092485549 513.7499396113891
5.469211946050096 514.1405847346056
5.474215799614643 514.530938495834
5.47921965317919 514.9210009656357
5.484223506743738 515.3107722144977
5.489227360308285 515.7002523128324
5.4942312138728315 516.0894413309783
5.499235067437379 516.4783393391994
5.504238921001926 516.8669464076855
5.509242774566474 517.2552626065526
5.514246628131021 517.6432880058425
5.519250481695568 518.0310226755231
5.524254335260115 518.4184666854885
5.529258188824662 518.8056201055589
5.5342620423892095 519.1924830054808
5.539265895953757 519.579055454927
5.544269749518304 519.9653375234969
5.549273603082852 520.3513292807163
5.554277456647398 520.7370307960374
5.559281310211945 521.1224421388392
5.564285163776493 521.5075633784273
5.56928901734104 521.8923945840342
5.5742928709055874 522.2769358248189
5.579296724470135 522.6611871698677
5.584300578034681 523.0451486881938
5.589304431599229 523.4288204487372
5.594308285163776 523.8122025203651
5.599312138728323 524.195294971872
5.604315992292871 524.5780978719797
5.609319845857418 524.9606112893371
5.6143236994219645 525.3428352925206
5.619327552986512 525.724769950034
5.624331406551059 526.1064153303087
5.629335260115607 526.4877715017036
5.634339113680154 526.8688385325054
5.639342967244701 527.2496164909282
5.644346820809248 527.6301054451144
5.649350674373795 528.0103054631338
5.6543545279383425 528.3902166129844
5.65935838150289 528.7698389625922
5.664362235067437 529.149172579811
5.6693660886319845 529.5282175324229
5.674369942196531 529.9069738881384
5.679373795761078 530.285441714596
5.684377649325626 530.6636210793625
5.689381502890173 531.0415120499334
5.69438535645472 531.4191146937324
5.699389210019268 531.7964290781117
5.704393063583814 532.1734552703524
5.709396917148362 532.550193337664
5.714400770712909 532.926643347185
5.719404624277456 533.3028053659823
5.724408477842004 533.678679461052
5.729412331406551 534.054265699319
5.7344161849710975 534.4295641476373
5.739420038535645 534.8045748727899
5.744423892100192 535.1792979414888
5.74942774566474 535.5537334203755
5.754431599229287 535.9278813760205
5.759435452793834 536.3017418749239
5.764439306358381 536.6753149835148
5.769443159922928 537.0486007681521
5.7744470134874755 537.4215992951241
5.779450867052023 537.7943106306487
5.78445472061657 538.1667348408736
5.7894585741811175 538.5388719918759
5.794462427745664 538.9107221496628
5.799466281310211 539.2822853801712
5.804470134874759 539.653561749268
5.809473988439306 540.02455132275
5.814477842003853 540.395254166344
5.819481695568401 540.7656703457071
5.824485549132947 541.1357999264266
5.829489402697495 541.5056429740197
5.834493256262042 541.8751995539342
5.839497109826589 542.2444697315482
5.844500963391137 542.6134535721701
5.849504816955684 542.9821511410391
5.8545086705202305 543.3505625033248
5.859512524084778 543.7186877241272
5.864516377649325 544.0865268684774
5.869520231213873 544.454080001337
5.87452408477842 544.8213471875985
5.879527938342966 545.1883284920851
5.884531791907514 545.5550239795513
5.889535645472061 545.9214337146822
5.8945394990366085 546.2875577620943
5.899543352601156 546.653396186335
5.904547206165703 547.0189490518832
5.90955105973025 547.3842164231486
5.914554913294797 547.7491983644726
5.919558766859344 548.1138949401279
5.924562620423892 548.4783062143186
5.929566473988439 548.8424322511803
5.934570327552986 549.2062731147802
5.939574181117533 549.569828869117
5.94457803468208 549.9330995781214
5.949581888246628 550.2960853056557
5.954585741811175 550.6587861155139
5.959589595375722 551.021202071422
5.96459344894027 551.3833332370378
5.969597302504816 551.7451796759516
5.9746011560693635 552.106741451685
5.979605009633911 552.4680186276925
5.984608863198458 552.8290112673601
5.9896127167630056 553.1897194340065
5.994616570327553 553.5501431908826
5.999620423892099 553.9102826011718
6.004624277456647 554.2701377279897
6.009628131021194 554.6297086343844
6.014631984585741 554.9889953833368
6.019635838150289 555.3479980377602
6.024639691714836 555.7067166605008
6.029643545279383 556.0651513143372
6.03464739884393 556.4233020619811
6.039651252408477 556.781168966077
6.044655105973025 557.1387520892022
6.049658959537572 557.4960514938671
6.054662813102119 557.8530672425152
6.059666666666666 558.2097993975229
6.064670520231213 558.5662480212
6.069674373795761 558.9224131757892
6.074678227360308 559.2782949234669
6.079682080924855 559.6338933263426
6.084685934489403 559.9892084464591
6.089689788053949 560.344240345793
6.0946936416184965 560.6989890862541
6.099697495183044 561.0534547296859
6.104701348747591 561.4076373378656
6.1097052023121385 561.761536972504
6.114709055876686 562.1151536952457
6.119712909441232 562.4684875676691
6.12471676300578 562.8215386512865
6.129720616570327 563.1743070075441
6.134724470134874 563.5267926978224
6.139728323699422 563.8789957834355
6.144732177263969 564.2309163256317
6.149736030828516 564.5825543855937
6.154739884393063 564.9339100244382
6.15974373795761 565.2849833032164
6.164747591522158 565.6357742829138
6.169751445086705 565.98628302445
6.174755298651252 566.3365095886795
6.179759152215799 566.6864540363911
6.184763005780346 567.0361164283081
6.189766859344894 567.3854968250847
6.194770712909441 567.7345952873044
6.199774566473988 568.0834118754798
6.204778420038536 568.431946650053
6.209782273603082 568.7801996713954
6.2147861271676295 569.1281709998079
6.219789980732177 569.4758606955211
6.224793834296724 569.8232688186948
6.2297976878612715 570.1703954294188
6.234801541425818 570.5172405877125
6.239805394990365 570.863804353525
6.244809248554913 571.2100867867352
6.24981310211946 571.5560879471523
6.254816955684007 571.9018078945148
6.259820809248555 572.2472466884918
6.264824662813101 572.5924043886822
6.269828516377649 572.9372810546151
6.274832369942196 573.2818767457499
6.279836223506743 573.626191521476
6.284840077071291 573.9702254411135
6.289843930635838 574.3139785639127
6.2948477842003845 574.6574509490544
6.299851637764932 575.0006426556498
6.304855491329479 575.3435537427408
6.309859344894027 575.6861842692999
6.314863198458574 576.0285342942304
6.319867052023121 576.3706038763662
6.324870905587668 576.7123930744721
6.329874759152215 577.0539019472437
6.3348786127167624 577.3951305533078
6.33988246628131 577.7360789512218
6.344886319845857 578.0767471994744
6.3498901734104045 578.4171353564856
6.354894026974951 578.7572434806061
6.359897880539498 579.0970716301184
6.364901734104046 579.4366198632359
6.369905587668593 579.7758882381034
6.37490944123314 580.1148768127974
6.379913294797688 580.4535856453257
6.384917148362234 580.7920147936275
6.389921001926782 581.1301643155738
6.394924855491329 581.4680342689671
6.399928709055876 581.805624711542
6.404932562620424 582.1429357009644
6.409936416184971 582.4799672948322
6.4149402697495175 582.8167195506754
6.419944123314065 583.1531925259558
6.424947976878612 583.4893862780671
6.4299518304431595 583.8253008643353
6.434955684007707 584.1609363420184
6.439959537572254 584.4962927683066
6.444963391136801 584.8313702003223
6.449967244701348 585.1661686951205
6.454971098265895 585.5006883096881
6.459974951830443 585.8349291009448
6.46497880539499 586.1688911257427
6.4699826589595375 586.5025744408663
6.474986512524084 586.8359791030329
6.479990366088631 587.1691051688922
6.484994219653179 587.501952695027
6.489998073217726 587.8345217379524
6.495001926782273 588.1668123541168
6.500005780346821 588.4988245999011
6.505009633911367 588.8305585316194
6.510013487475915 589.1620142055187
6.515017341040462 589.4931916777792
6.520021194605009 589.824091004514
6.525025048169557 590.1547122417694
6.530028901734104 590.4850554455251
6.5350327552986505 590.8151206716939
6.540036608863198 591.1449079761221
6.545040462427745 591.4744174145894
6.5500443159922925 591.8036490428088
6.55504816955684 592.1326029164271
6.560052023121387 592.4612790910243
6.565055876685934 592.7896776221143
6.570059730250481 593.1177985651445
6.575063583815028 593.4456419754963
6.580067437379576 593.7732079084847
6.585071290944123 594.1004964193585
6.59007514450867 594.4275075633007
6.595078998073217 594.7542413954278
6.600082851637764 595.0806979707909
6.605086705202312 595.4068773443747
6.610090558766859 595.7327795710983
6.615094412331406 596.0584047058147
6.620098265895953 596.3837528033115
6.6251021194605 596.7088239183104
6.630105973025048 597.0336181054674
6.635109826589595 597.3581354193732
6.640113680154142 597.6823759145525
6.64511753371869 598.006339645465
6.650121387283236 598.3300266665046
6.6551252408477835 598.6534370320002
6.660129094412331 598.9765707962149
6.665132947976878 599.2994280133469
6.6701368015414255 599.6220087375291
6.675140655105973 599.9443130228293
6.680144508670519 600.2663409232501
6.685148362235067 600.5880924927292
6.690152215799614 600.9095677851391
6.695156069364161 601.2307668542875
6.700159922928709 601.5516897539172
6.705163776493256 601.8723365377062
6.710167630057803 602.1927072592678
6.71517148362235 602.5128019721503
6.720175337186897 602.8326207298377
6.725179190751445 603.152163585749
6.730183044315992 603.471430593239
6.735186897880539 603.7904218055978
6.740190751445086 604.1091372760511
6.745194605009633 604.4275770577601
6.7501984585741805 604.7457412038218
6.755202312138728 605.0636297672689
6.760206165703275 605.3812428010698
6.765210019267823 605.6985803581287
6.770213872832369 606.0156424912856
6.775217726396916 606.3324292533166
6.780221579961464 606.6489406969338
6.785225433526011 606.9651768747851
6.7902292870905585 607.2811378394547
6.795233140655106 607.5968236434627
6.800236994219652 607.9122343392655
6.8052408477842 608.2273699792559
6.810244701348747 608.5422306157626
6.815248554913294 608.856816301051
6.820252408477842 609.1711270873228
6.825256262042389 609.4851630267161
6.830260115606936 609.7989241713054
6.835263969171483 610.112410573102
6.84026782273603 610.4256222840536
6.845271676300578 610.7385593560444
6.850275529865125 611.0512218408958
6.855279383429672 611.3636097903654
6.860283236994219 611.6757232561481
6.865287090558766 611.9875622898753
6.8702909441233135 612.2991269431155
6.875294797687861 612.610417267374
6.880298651252408 612.9214333140933
6.885302504816956 613.2321751346527
6.890306358381502 613.542642780369
6.895310211946049 613.8528363024957
6.900314065510597 614.1627557522239
6.905317919075144 614.4724011806819
6.9103217726396915 614.7817726389351
6.915325626204239 615.0908701779864
6.920329479768785 615.3996938487761
6.925333333333333 615.7082437021821
6.93033718689788 616.0165197890196
6.935341040462427 616.3245221600416
6.940344894026975 616.6322508659385
6.945348747591522 616.9397059573386
6.950352601156069 617.2468874848075
6.955356454720616 617.553795498849
6.960360308285163 617.8604300499046
6.965364161849711 618.1667911883536
6.970368015414258 618.4728789645133
6.9753718689788045 618.7786934286388
6.980375722543352 619.0842346309234
6.985379576107899 619.3895026214985
6.9903834296724465 619.6944974504335
6.995387283236994 619.9992191677358
7.000391136801541 620.3036678233512
7.005394990366088 620.607843467164
7.010398843930635 620.9117461489965
7.015402697495182 621.2153759186093
7.02040655105973 621.5187328257017
7.025410404624277 621.8218169199113
7.0304142581888245 622.1246282508141
7.035418111753371 622.4271668679249
7.040421965317918 622.729432820697
7.045425818882466 623.0314261585221
7.050429672447013 623.3331469307311
7.05543352601156 623.6345951865933
7.060437379576108 623.9357709753168
7.065441233140654 624.2366743460487
7.0704450867052016 624.5373053478751
7.075448940269749 624.8376640298206
7.080452793834296 625.1377504408492
7.085456647398844 625.4375646298639
7.090460500963391 625.7371066457066
7.0954643545279374 626.0363765371584
7.100468208092485 626.3353743529397
7.105472061657032 626.63410014171
7.1104759152215795 626.932553952068
7.115479768786127 627.2307358325521
7.120483622350674 627.5286458316397
7.125487475915221 627.8262839977477
7.130491329479768 628.1236503792327
7.135495183044315 628.4207450243905
7.140499036608863 628.7175679814566
7.14550289017341 629.0141192986061
7.1505067437379575 629.3103990239539
7.155510597302504 629.6064072055543
7.160514450867051 629.9021438914016
7.165518304431599 630.1976091294298
7.170522157996146 630.4928029675127
7.175526011560693 630.7877254534642
7.180529865125241 631.0823766350379
7.185533718689787 631.3767565599275
7.1905375722543345 631.6708652757666
7.195541425818882 631.9647028301291
7.200545279383429 632.2582692705289
7.205549132947977 632.5515646444201
7.210552986512524 632.8445889991968
7.21555684007707 633.1373423821938
7.220560693641618 633.4298248406858
7.225564547206165 633.722036421888
7.2305684007707125 634.0139771729561
7.23557225433526 634.3056471409861
7.240576107899807 634.5970463730147
7.245579961464354 634.8881749160187
7.250583815028901 635.1790328169159
7.255587668593448 635.4696201225646
7.260591522157996 635.7599368797638
7.265595375722543 636.0499831352531
7.2705992292870905 636.339758935713
7.275603082851637 636.6292643277648
7.280606936416184 636.9184993579705
7.285610789980732 637.2074640728332
7.290614643545279 637.4961585187967
7.295618497109826 637.7845827422461
7.300622350674374 638.0727367895073
7.30562620423892 638.3606207068473
7.3106300578034675 638.6482345404743
7.315633911368015 638.9355783365377
7.320637764932562 639.2226521411279
7.32564161849711 639.5094560002768
7.330645472061656 639.7959899599576
7.335649325626203 640.0822540660846
7.340653179190751 640.3682483645136
7.345657032755298 640.6539729010422
7.3506608863198455 640.9394277214087
7.355664739884393 641.2246128712936
7.360668593448939 641.5095283963188
7.365672447013487 641.7941743420477
7.370676300578034 642.0785507539853
7.375680154142581 642.3626576775785
7.380684007707129 642.6464951582158
7.385687861271676 642.9300632412275
7.390691714836223 643.2133619718858
7.39569556840077 643.4963913954047
7.400699421965317 643.7791515569401
7.405703275529865 644.06164250159
7.410707129094412 644.3438642743942
7.415710982658959 644.6258169203346
7.420714836223506 644.9075004843354
7.425718689788053 645.1889150112626
7.4307225433526005 645.4700605459245
7.435726396917148 645.7509371330718
7.440730250481695 646.0315448173974
7.445734104046243 646.3118836435361
7.450737957610789 646.5919536560657
7.455741811175336 646.8717548995058
7.460745664739884 647.1512874183188
7.465749518304431 647.4305512569094
7.4707533718689785 647.7095464596249
7.475757225433526 647.9882730707551
7.480761078998072 648.2667311345324
7.48576493256262 648.544920695132
7.490768786127167 648.8228417966715
7.495772639691714 649.1004944832115
7.500776493256262 649.3778787987552
7.505780346820809 649.6549947872486
7.5107842003853555 649.9318424925807
7.515788053949903 650.2084219585834
7.52079190751445 650.4847332290312
7.525795761078998 650.760776347642
7.530799614643545 651.0365513580766
7.535803468208092 651.3120583039387
7.540807321772639 651.5872972287752
7.545811175337186 651.8622681760762
7.5508150289017335 652.136971189275
7.555818882466281 652.4114063117479
7.560822736030828 652.6855735868148
7.565826589595376 652.9594730577388
7.570830443159922 653.2331047677262
7.575834296724469 653.5064687599269
7.580838150289017 653.7795650774339
7.585842003853564 654.052393763284
7.5908458574181115 654.3249548604575
7.595849710982659 654.5972484118782
7.600853564547205 654.8692744604134
7.605857418111753 655.1410330488741
7.6108612716763 655.4125242200149
7.615865125240847 655.6837480165344
7.620868978805395 655.9547044810747
7.625872832369942 656.2253936562217
7.6308766859344885 656.4958155845053
7.635880539499036 656.7659703083991
7.640884393063583 657.0358578703207
7.645888246628131 657.3054783126316
7.650892100192678 657.5748316776376
7.655895953757225 657.8439180075881
7.660899807321772 658.1127373446768
7.665903660886319 658.3812897310416
7.6709075144508665 658.6495752087645
7.675911368015414 658.9175938198716
7.680915221579961 659.1853456063334
7.685919075144508 659.4528306100644
7.690922928709055 659.7200488729238
7.695926782273602 659.9870004367149
7.70093063583815 660.2536853431853
7.705934489402697 660.5201036340275
7.7109383429672445 660.7862553508779
7.715942196531791 661.0521405353179
7.720946050096338 661.3177592288732
7.725949903660886 661.5831114730141
7.730953757225433 661.8481973091557
7.73595761078998 662.1130167786574
7.740961464354528 662.3775699228238
7.745965317919074 662.6418567829039
7.7509691714836215 662.9058774000918
7.755973025048169 663.1696318155259
7.760976878612716 663.4331200702901
7.765980732177264 663.6963422054127
7.770984585741811 663.9592982618674
7.775988439306357 664.2219882805723
7.780992292870905 664.4844123023911
7.785996146435452 664.7465703681322
7.7909999999999995 665.0084625185492
7.796003853564547 665.270088794341
7.801007707129094 665.5314492361513
7.806011560693641 665.7925438845693
7.811015414258188 666.0533727801296
7.816019267822735 666.3139359633117
7.821023121387283 666.5742334745405
7.82602697495183 666.8342653541865
7.831030828516377 667.0940316425655
7.836034682080924 667.3535323799385
7.841038535645471 667.6127676065124
7.846042389210019 667.8717373624393
7.851046242774566 668.1304416878169
7.856050096339113 668.3888806226886
7.861053949903661 668.6470542070434
7.866057803468207 668.9049624808159
7.8710616570327545 669.1626054838865
7.876065510597302 669.4199832560812
7.881069364161849 669.6770958371719
7.886073217726397 669.9339432668762
7.891077071290944 670.1905255848577
7.89608092485549 670.4468428307258
7.901084778420038 670.7028950440358
7.906088631984585 670.958682264289
7.9110924855491325 671.2142045309328
7.91609633911368 671.4694618833604
7.921100192678227 671.7244543609112
7.926104046242774 671.9791820028707
7.931107899807321 672.2336448484708
7.936111753371868 672.4878429368891
7.941115606936416 672.7417763072498
7.946119460500963 672.995444998623
7.95112331406551 673.2488490500256
7.956127167630057 673.5019885004203
7.961131021194604 673.7548633887166
7.966134874759152 674.00747375377
7.971138728323699 674.2598196343828
7.976142581888246 674.5119010693036
7.981146435452794 674.7637180972274
7.98615028901734 675.0152707567961
7.9911541425818875 675.2665590865978
7.996157996146435 675.5175831251673
8.001161849710982 675.7683429109862
8.00616570327553 676.0188384824828
8.011169556840077 676.2690698780319
8.016173410404624 676.5190371359553
8.021177263969172 676.7687402945213
8.026181117533719 677.0181793919513
8.031184971098265 677.2673544664226
8.036188824662812 677.5162655560687
8.04119267822736 677.7649126989793
8.046196531791907 678.0132959332007
8.051200385356454 678.261415296735
8.056204238921001 678.5092708275412
8.061208092485549 678.7568625635341
8.066211946050096 679.0041905425854
8.071215799614643 679.2512548025229
8.07621965317919 679.4980553811309
8.081223506743738 679.7445923161504
8.086227360308284 679.9908656452785
8.091231213872831 680.2368754061692
8.096235067437378 680.482621636433
8.101238921001926 680.7281043736369
8.106242774566473 680.9733236553045
8.11124662813102 681.2182795189161
8.116250481695568 681.4629720019088
8.121254335260115 681.7074011416762
8.126258188824663 681.9515669755688
8.13126204238921 682.1954695408937
8.136265895953757 682.439108874915
8.141269749518305 682.6824850148533
8.14627360308285 682.9255979978866
8.151277456647398 683.1684478611493
8.156281310211945 683.4110346417327
8.161285163776492 683.6533583766854
8.16628901734104 683.8954191030127
8.171292870905587 684.1372168576769
8.176296724470134 684.3787516775974
8.181300578034682 684.6200235996506
8.186304431599229 684.8610326606699
8.191308285163776 685.101778897446
8.196312138728324 685.3422623467266
8.201315992292871 685.5824830452165
8.206319845857417 685.8224410295778
8.211323699421964 686.06213633643
8.216327552986511 686.3015690023492
8.221331406551059 686.5407390638695
8.226335260115606 686.7796465574819
8.231339113680153 687.0182915196349
8.2363429672447 687.2566739867341
8.241346820809248 687.4947939951427
8.246350674373796 687.7326515811814
8.251354527938343 687.9702467811279
8.25635838150289 688.2075796312179
8.261362235067438 688.4446501676442
8.266366088631983 688.6814584265574
8.27136994219653 688.9180044440653
8.276373795761078 689.1542882562337
8.281377649325625 689.3903098990855
8.286381502890173 689.6260694086018
8.29138535645472 689.8615668207208
8.296389210019267 690.0968021713387
8.301393063583815 690.3317754963093
8.306396917148362 690.5664868314443
8.31140077071291 690.800936212513
8.316404624277457 691.0351236752424
8.321408477842004 691.2690492553174
8.32641233140655 691.502712988381
8.331416184971097 691.7361149100336
8.336420038535644 691.9692550558339
8.341423892100192 692.2021334612982
8.346427745664739 692.4347501619011
8.351431599229286 692.6671051930748
8.356435452793834 692.8991985902097
8.361439306358381 693.1310303886544
8.366443159922929 693.3626006237151
8.371447013487476 693.5939093306565
8.376450867052023 693.8249565447013
8.38145472061657 694.0557423010301
8.386458574181116 694.286266634782
8.391462427745664 694.5165295810541
8.396466281310211 694.7465311749017
8.401470134874758 694.9762714513384
8.406473988439306 695.2057504453361
8.411477842003853 695.4349681918249
8.4164816955684 695.6639247256932
8.421485549132948 695.8926200817879
8.426489402697495 696.1210542949141
8.431493256262042 696.3492273998354
8.43649710982659 696.5771394312737
8.441500963391135 696.8047904239096
8.446504816955683 697.0321804123819
8.45150867052023 697.259309431288
8.456512524084777 697.486177515184
8.461516377649325 697.7127846985841
8.466520231213872 697.9391310159616
8.47152408477842 698.1652165017481
8.476527938342967 698.3910411903338
8.481531791907514 698.6166051160677
8.486535645472062 698.8419083132575
8.491539499036609 699.0669508161694
8.496543352601156 699.2917326590286
8.501547206165702 699.5162538760188
8.50655105973025 699.7405145012827
8.511554913294797 699.9645145689217
8.516558766859344 700.1882541129959
8.521562620423891 700.4117331675244
8.526566473988439 700.6349517664853
8.531570327552986 700.8579099438155
8.536574181117533 701.0806077334107
8.54157803468208 701.3030451691258
8.546581888246628 701.5252222847744
8.551585741811175 701.7471391141294
8.556589595375723 701.9687956909225
8.561593448940268 702.1901920488448
8.566597302504816 702.411328221546
8.571601156069363 702.6322042426352
8.57660500963391 702.8528201456807
8.581608863198458 703.0731759642097
8.586612716763005 703.2932717317087
8.591616570327552 703.5131074816236
8.5966204238921 703.7326832473593
8.601624277456647 703.95199906228
8.606628131021195 704.1710549597093
8.611631984585742 704.3898509729299
8.61663583815029 704.608387135184
8.621639691714835 704.8266634796731
8.626643545279382 705.0446800395581
8.63164739884393 705.2624368479593
8.636651252408477 705.4799339379564
8.641655105973024 705.6971713425886
8.646658959537572 705.9141490948546
8.651662813102119 706.1308672277124
8.656666666666666 706.3473257740799
8.661670520231214 706.5635247668341
8.666674373795761 706.779464238812
8.671678227360308 706.99514422281
8.676682080924856 707.2105647515841
8.681685934489401 707.42572585785
8.686689788053949 707.640627574283
8.691693641618496 707.8552699335182
8.696697495183043 708.0696529681504
8.70170134874759 708.2837767107342
8.706705202312138 708.4976411937837
8.711709055876685 708.7112464497732
8.716712909441233 708.9245925111364
8.72171676300578 709.1376794102672
8.726720616570327 709.3505071795191
8.731724470134875 709.5630758512057
8.736728323699422 709.7753854576002
8.741732177263968 709.9874360309362
8.746736030828515 710.1992276034069
8.751739884393062 710.4107602071656
8.75674373795761 710.6220338743256
8.761747591522157 710.83304863696
8.766751445086705 711.0438045271026
8.771755298651252 711.2543015767465
8.7767591522158 711.4645398178453
8.781763005780347 711.6745192823129
8.786766859344894 711.8842400020229
8.791770712909441 712.0937020088095
8.796774566473987 712.3029053344668
8.801778420038534 712.5118500107492
8.806782273603082 712.7205360693713
8.811786127167629 712.9289635420081
8.816789980732176 713.1371324602948
8.821793834296724 713.3450428558268
8.826797687861271 713.5526947601602
8.831801541425818 713.760088204811
8.836805394990366 713.9672232212558
8.841809248554913 714.1740998409317
8.84681310211946 714.380718095236
8.851816955684008 714.5870780155267
8.856820809248553 714.7931796331219
8.8618246628131 714.9990229793007
8.866828516377648 715.2046080853022
8.871832369942195 715.4099349823265
8.876836223506743 715.615003701534
8.88184007707129 715.8198142740456
8.886843930635838 716.0243667309431
8.891847784200385 716.2286611032688
8.896851637764932 716.4326974220255
8.90185549132948 716.6364757181769
8.906859344894027 716.8399960226473
8.911863198458574 717.0432583663217
8.91686705202312 717.2462627800459
8.921870905587667 717.4490092946264
8.926874759152215 717.6514979408306
8.931878612716762 717.8537287493866
8.93688246628131 718.0557017509834
8.941886319845857 718.2574169762707
8.946890173410404 718.4588744558595
8.951894026974951 718.6600742203211
8.956897880539499 718.8610163001882
8.961901734104046 719.0617007259543
8.966905587668593 719.2621275280737
8.97190944123314 719.462296736962
8.976913294797686 719.6622083829956
8.981917148362234 719.8618624965119
8.986921001926781 720.0612591078095
8.991924855491328 720.2603982471481
8.996928709055876 720.4592799447483
9.001932562620423 720.657904230792
9.00693641618497 720.8562711354222
9.011940269749518 721.054380688743
9.016944123314065 721.2522329208197
9.021947976878613 721.4498278616788
9.02695183044316 721.6471655413083
9.031955684007707 721.844245989657
9.036959537572253 722.0410692366353
9.0419633911368 722.2376353121148
9.046967244701348 722.4339442459284
9.051971098265895 722.6299960678704
9.056974951830442 722.8257908076963
9.06197880539499 723.0213284951233
9.066982658959537 723.2166091598295
9.071986512524084 723.4116328314551
9.076990366088632 723.6063995396011
9.081994219653179 723.8009093138303
9.086998073217726 723.9951621836669
9.092001926782274 724.1891581785968
9.09700578034682 724.3828973280671
9.102009633911367 724.5763796614866
9.107013487475914 724.7696052082258
9.112017341040461 724.9625739976168
9.117021194605009 725.155286058953
9.122025048169556 725.3477414214898
9.127028901734104 725.539940114444
9.13203275529865 725.7318821669943
9.137036608863198 725.9235676082809
9.142040462427746 726.114996467406
9.147044315992293 726.3061687734331
9.152048169556839 726.4970845553879
9.157052023121386 726.6877438422576
9.162055876685933 726.8781466629914
9.16705973025048 727.0682930465002
9.172063583815028 727.2581830216568
9.177067437379575 727.4478166172959
9.182071290944123 727.637193862214
9.18707514450867 727.8263147851695
9.192078998073217 728.0151794148829
9.197082851637765 728.2037877800365
9.202086705202312 728.3921399092745
9.20709055876686 728.5802358312034
9.212094412331405 728.7680755743913
9.217098265895952 728.9556591673687
9.2221021194605 729.1429866386279
9.227105973025047 729.3300580166235
9.232109826589594 729.516873329772
9.237113680154142 729.7034326064521
9.24211753371869 729.8897358750046
9.247121387283237 730.0757831637325
9.252125240847784 730.2615745009009
9.257129094412331 730.4471099147372
9.262132947976879 730.6323894334311
9.267136801541426 730.8174130851341
9.272140655105972 731.0021808979606
9.277144508670519 731.1866928999866
9.282148362235066 731.370949119251
9.287152215799614 731.5549495837546
9.292156069364161 731.7386943214608
9.297159922928708 731.9221833602952
9.302163776493256 732.1054167281458
9.307167630057803 732.288394452863
9.31217148362235 732.4711165622598
9.317175337186898 732.6535830841113
9.322179190751445 732.8357940461553
9.327183044315992 733.017749476092
9.332186897880538 733.1994494015842
9.337190751445085 733.3808938502569
9.342194605009633 733.5620828496981
9.34719845857418 733.743016427458
9.352202312138727 733.9236946110494
9.357206165703275 734.104117427948
9.362210019267822 734.2842849055918
9.36721387283237 734.4641970713815
9.372217726396917 734.6438539526805
9.377221579961464 734.8232555768149
9.382225433526012 735.0024019710734
9.387229287090559 735.1812931627076
9.392233140655105 735.3599291789315
9.397236994219652 735.5383100469221
9.4022408477842 735.7164357938193
9.407244701348747 735.8943064467254
9.412248554913294 736.0719220327059
9.417252408477841 736.2492825787888
9.422256262042389 736.4263881119651
9.427260115606936 736.6032386591887
9.432263969171483 736.7798342473764
9.43726782273603 736.9561749034077
9.442271676300578 737.1322606541253
9.447275529865125 737.3080915263347
9.452279383429671 737.4836675468043
9.457283236994218 737.6589887422657
9.462287090558766 737.8340551394133
9.467290944123313 738.0088667649046
9.47229479768786 738.1834236453601
9.477298651252408 738.3577258073633
9.482302504816955 738.531773277461
9.487306358381502 738.7055660821627
9.49231021194605 738.8791042479415
9.497314065510597 739.0523878012334
9.502317919075145 739.2254167684374
9.507321772639692 739.3981911759158
9.512325626204237 739.5707110499942
9.517329479768785 739.7429764169613
9.522333333333332 739.914987303069
9.52733718689788 740.0867437345324
9.532341040462427 740.2582457375302
9.537344894026974 740.4294933382038
9.542348747591522 740.6004865626584
9.547352601156069 740.7712254369623
9.552356454720616 740.9417099871471
9.557360308285164 741.1119402392079
9.562364161849711 741.2819162191032
9.567368015414257 741.4516379527547
9.572371868978804 741.6211054660475
9.577375722543351 741.7903187848304
9.582379576107899 741.9592779349155
9.587383429672446 742.1279829420781
9.592387283236993 742.2964338320575
9.59739113680154 742.464630630556
9.602394990366088 742.6325733632399
9.607398843930635 742.8002620557386
9.612402697495183 742.9676967336453
9.61740655105973 743.1348774225168
9.622410404624278 743.3018041478732
9.627414258188823 743.4684769351985
9.63241811175337 743.6348958099403
9.637421965317918 743.8010607975098
9.642425818882465 743.9669719232817
9.647429672447013 744.1326292125947
9.65243352601156 744.2980326907509
9.657437379576107 744.4631823830164
9.662441233140655 744.6280783146208
9.667445086705202 744.7927205107575
9.67244894026975 744.9571089965837
9.677452793834297 745.1212437972204
9.682456647398844 745.2851249377525
9.68746050096339 745.4487524432285
9.692464354527937 745.6121263386609
9.697468208092484 745.775246649026
9.702472061657032 745.9381133992641
9.707475915221579 746.1007266142792
9.712479768786126 746.2630863189393
9.717483622350674 746.4251925380763
9.722487475915221 746.5870452964862
9.727491329479768 746.7486446189287
9.732495183044316 746.9099905301276
9.737499036608863 747.0710830547708
9.74250289017341 747.2319222175101
9.747506743737956 747.3925080429615
9.752510597302503 747.5528405557046
9.75751445086705 747.7129197802836
9.762518304431598 747.8727457412066
9.767522157996146 748.0323184629457
9.772526011560693 748.1916379699371
9.77752986512524 748.3507042865813
9.782533718689788 748.5095174372428
9.787537572254335 748.6680774462504
9.792541425818882 748.8263843378971
9.79754527938343 748.98443813644
9.802549132947977 749.1422388661002
9.807552986512523 749.2997865510636
9.81255684007707 749.4570812154799
9.817560693641617 749.6141228834632
9.822564547206165 749.770911579092
9.827568400770712 749.9274473264089
9.83257225433526 750.0837301494211
9.837576107899807 750.2397600720997
9.842579961464354 750.3955371183806
9.847583815028901 750.5510613121639
9.852587668593449 750.7063326773141
9.857591522157996 750.86135123766
9.862595375722544 751.0161170169948
9.867599229287089 751.1706300390765
9.872603082851636 751.3248903276271
9.877606936416184 751.4788979063335
9.882610789980731 751.6326527988466
9.887614643545279 751.7861550287822
9.892618497109826 751.9394046197206
9.897622350674373 752.0924015952063
9.90262620423892 752.2451459787487
9.907630057803468 752.3976377938217
9.912633911368015 752.5498770638636
9.917637764932563 752.7018638122776
9.922641618497108 752.8535980624312
9.927645472061656 753.0050798376567
9.932649325626203 753.1563091612512
9.93765317919075 753.3072860564762
9.942657032755298 753.4580105465581
9.947660886319845 753.6084826546877
9.952664739884392 753.7587024040209
9.95766859344894 753.9086698176782
9.962672447013487 754.0583849187445
9.967676300578034 754.2078477302667
9.972680154142582 754.3570582752512
9.97768400770713 754.5060165766641
9.982687861271675 754.6547226574312
9.987691714836222 754.8031765404379
9.99269556840077 754.9513782485296
9.997699421965317 755.0993278045113
10.002703275529864 755.2470252311477
10.007707129094412 755.3944705511635
10.012710982658959 755.541663787243
10.017714836223506 755.6886049620305
10.022718689788054 755.8352940981299
10.027722543352601 755.9817312181053
10.032726396917148 756.1279163444805
10.037730250481696 756.2738494997391
10.042734104046241 756.4195307063247
10.047737957610789 756.564959986641
10.052741811175336 756.7101373630516
10.057745664739883 756.8550628578798
10.06274951830443 756.9997364934092
10.067753371868978 757.1441582918832
10.072757225433525 757.2883282755053
10.077761078998073 757.4322464664391
10.08276493256262 757.5759128868082
10.087768786127167 757.7193275586961
10.092772639691715 757.8624905041469
10.097776493256262 758.0054017451641
10.102780346820808 758.148061303712
10.107784200385355 758.2904692017146
10.112788053949902 758.4326254610562
10.11779190751445 758.5745301035814
10.122795761078997 758.7161831510948
10.127799614643545 758.8575846253614
10.132803468208092 758.9987345481061
10.13780732177264 759.1396329410144
10.142811175337187 759.2802798257319
10.147815028901734 759.4206752238646
10.152818882466281 759.5608191569786
10.157822736030829 759.7007116466004
10.162826589595374 759.840352714217
10.167830443159922 759.9797423812755
10.172834296724469 760.1188806691835
10.177838150289016 760.2577675993089
10.182842003853564 760.3964031929801
10.187845857418111 760.5347874714857
10.192849710982658 760.6729204560752
10.197853564547206 760.810802167958
10.202857418111753 760.9484326283042
10.2078612716763 761.0858118582445
10.212865125240848 761.2229398788699
10.217868978805395 761.3598167112319
10.22287283236994 761.4964423763429
10.227876685934488 761.6328168951753
10.232880539499035 761.7689402886625
10.237884393063583 761.9048125776983
10.24288824662813 762.040433783137
10.247892100192677 762.1758039257937
10.252895953757225 762.310923026444
10.257899807321772 762.4457911058242
10.26290366088632 762.5804081846313
10.267907514450867 762.714774283523
10.272911368015414 762.8488894231174
10.27791522157996 762.9827536239936
10.282919075144507 763.1163669066915
10.287922928709055 763.2497292917114
10.292926782273602 763.3828407995147
10.29793063583815 763.5157014505235
10.302934489402697 763.6483112651204
10.307938342967244 763.7806702636491
10.312942196531791 763.9127784664141
10.317946050096339 764.0446358936806
10.322949903660886 764.1762425656748
10.327953757225433 764.3075985025836
10.33295761078998 764.4387037245549
10.337961464354526 764.5695582516976
10.342965317919074 764.7001621040813
10.347969171483621 764.8305153017366
10.352973025048168 764.9606178646551
10.357976878612716 765.0904698127893
10.362980732177263 765.2200711660527
10.36798458574181 765.3494219443198
10.372988439306358 765.4785221674261
10.377992292870905 765.6073718551683
10.382996146435453 765.7359710273037
10.388 765.864319703551
10.393003853564547 765.9924179035901
10.398007707129093 766.1202656470615
10.40301156069364 766.2478629535672
10.408015414258188 766.3752098426701
10.413019267822735 766.5023063338945
10.418023121387282 766.6291524467255
10.42302697495183 766.7557482006096
10.428030828516377 766.8820936149543
10.433034682080924 767.0081887091285
10.438038535645472 767.1340335024621
10.443042389210019 767.2596280142465
10.448046242774566 767.3849722637339
10.453050096339114 767.5100662701382
10.45805394990366 767.6349100526342
10.463057803468207 767.7595036303583
10.468061657032754 767.883847022408
10.473065510597301 768.007940247842
10.478069364161849 768.1317833256807
10.483073217726396 768.2553762749054
10.488077071290943 768.3787191144592
10.49308092485549 768.5018118632461
10.498084778420038 768.6246545401318
10.503088631984586 768.7472471639435
10.508092485549133 768.8695897534694
10.51309633911368 768.9916823274594
10.518100192678226 769.1135249046249
10.523104046242773 769.2351175036385
10.52810789980732 769.3564601431345
10.533111753371868 769.4775528417086
10.538115606936415 769.5983956179181
10.543119460500963 769.7189884902815
10.54812331406551 769.8393314772792
10.553127167630057 769.959424597353
10.558131021194605 770.0792678689062
10.563134874759152 770.1988613103036
10.5681387283237 770.318204939872
10.573142581888247 770.4372987758992
10.578146435452792 770.556142836635
10.58315028901734 770.6747371402907
10.588154142581887 770.7930817050394
10.593157996146434 770.9111765490156
10.598161849710982 771.0290216903157
10.603165703275529 771.1466171469978
10.608169556840076 771.2639629370813
10.613173410404624 771.3810590785477
10.618177263969171 771.4979055893401
10.623181117533719 771.6145024873634
10.628184971098266 771.7308497904842
10.633188824662811 771.8469475165308
10.638192678227359 771.9627956832934
10.643196531791906 772.0783943085239
10.648200385356454 772.1937434099361
10.653204238921 772.3088430052056
10.658208092485548 772.4236931119698
10.663211946050096 772.5382937478279
10.668215799614643 772.652644930341
10.67321965317919 772.7667466770321
10.678223506743738 772.8805990053861
10.683227360308285 772.9942019328498
10.688231213872832 773.1075554768319
10.693235067437378 773.2206596547029
10.698238921001925 773.3335144837954
10.703242774566473 773.446119981404
10.70824662813102 773.5584761647851
10.713250481695567 773.6705830511573
10.718254335260115 773.7824406577009
10.723258188824662 773.8940490015585
10.72826204238921 774.0054080998345
10.733265895953757 774.1165179695955
10.738269749518304 774.22737862787
10.743273603082852 774.3379900916487
10.748277456647399 774.4483523778844
10.753281310211944 774.5584655034916
10.758285163776492 774.6683294853474
10.76328901734104 774.7779443402908
10.768292870905587 774.8873100851229
10.773296724470134 774.996426736607
10.778300578034681 775.1052943114685
10.783304431599229 775.213912826395
10.788308285163776 775.3222822980363
10.793312138728323 775.4304027430043
10.79831599229287 775.5382741778731
10.803319845857418 775.6458966191791
10.808323699421965 775.7532700834211
10.813327552986511 775.8603945870597
10.818331406551058 775.967270146518
10.823335260115606 776.0738967781815
10.828339113680153 776.1802744983978
10.8333429672447 776.2864033234767
10.838346820809248 776.3922832696906
10.843350674373795 776.4979143532739
10.848354527938342 776.6032965904236
10.85335838150289 776.7084299972988
10.858362235067437 776.8133145900212
10.863366088631984 776.9179503846746
10.868369942196532 777.0223373973053
10.873373795761077 777.126475643922
10.878377649325625 777.230365140496
10.883381502890172 777.3340059029607
10.88838535645472 777.4373979472119
10.893389210019267 777.5405412891082
10.898393063583814 777.6434359444703
10.903396917148362 777.7460819290816
10.908400770712909 777.8484792586877
10.913404624277456 777.950627948997
10.918408477842004 778.0525280156802
10.923412331406551 778.1541794743706
10.928416184971098 778.255582340664
10.933420038535644 778.3567366301186
10.938423892100191 778.4576423582554
10.943427745664739 778.5582995405578
10.948431599229286 778.6587081924716
10.953435452793833 778.7588683294057
10.95843930635838 778.8587799667312
10.963443159922928 778.9584431197817
10.968447013487475 779.0578578038537
10.973450867052023 779.1570240342063
10.97845472061657 779.2559418260611
10.983458574181117 779.3546111946024
10.988462427745663 779.4530321549772
10.99346628131021 779.5512047222952
10.998470134874758 779.6491289116287
11.003473988439305 779.7468047380129
11.008477842003852 779.8442322164453
11.0134816955684 779.9414113618865
11.018485549132947 780.0383421892597
11.023489402697495 780.1350247134508
11.028493256262042 780.2314589493086
11.03349710982659 780.3276449116445
11.038500963391137 780.4235826152327
11.043504816955684 780.5192720748104
11.04850867052023 780.6147133050773
11.053512524084777 780.7099063206962
11.058516377649324 780.8048511362924
11.063520231213872 780.8995477664544
11.068524084778419 780.9939962257331
11.073527938342966 781.0881965286427
11.078531791907514 781.18214868966
11.083535645472061 781.2758527232248
11.088539499036608 781.3693086437397
11.093543352601156 781.4625164655703
11.098547206165703 781.555476203045
11.10355105973025 781.6481878704552
11.108554913294796 781.7406514820552
11.113558766859343 781.8328670520623
11.11856262042389 781.9248345946567
11.123566473988438 782.0165541239815
11.128570327552985 782.1080256541428
11.133574181117533 782.1992491992099
11.13857803468208 782.290224773215
11.143581888246628 782.380952390153
11.148585741811175 782.4714320639821
11.153589595375722 782.5616638086236
11.15859344894027 782.6516476379617
11.163597302504817 782.7413835658435
11.168601156069363 782.8308716060797
11.17360500963391 782.9201117724433
11.178608863198457 783.0091040786712
11.183612716763005 783.0978485384626
11.188616570327552 783.1863451654805
11.1936204238921 783.2745939733505
11.198624277456647 783.3625949756616
11.203628131021194 783.4503481859659
11.208631984585741 783.5378536177785
11.213635838150289 783.6251112845778
11.218639691714836 783.7121211998053
11.223643545279383 783.7988833768658
11.228647398843929 783.885397829127
11.233651252408476 783.9716645699201
11.238655105973024 784.0576836125393
11.243658959537571 784.1434549702421
11.248662813102118 784.2289786562494
11.253666666666666 784.3142546837449
11.258670520231213 784.3992830658759
11.26367437379576 784.4840638157528
11.268678227360308 784.5685969464495
11.273682080924855 784.6528824710028
11.278685934489403 784.7369204024131
11.28368978805395 784.8207107536439
11.288693641618496 784.904253537622
11.293697495183043 784.9875487672377
11.29870134874759 785.0705964553446
11.303705202312138 785.1533966147593
11.308709055876685 785.2359492582623
11.313712909441232 785.3182543985969
11.31871676300578 785.40031204847
11.323720616570327 785.4821222205521
11.328724470134874 785.5636849274767
11.333728323699422 785.6450001818409
11.338732177263969 785.7260679962051
11.343736030828516 785.8068883830931
11.348739884393062 785.8874613549924
11.35374373795761 785.9677869243535
11.358747591522157 786.0478651035907
11.363751445086704 786.1276959050815
11.368755298651251 786.207279341167
11.373759152215799 786.2866154241517
11.378763005780346 786.3657041663037
11.383766859344894 786.4445455798543
11.38877071290944 786.5231396769987
11.393774566473988 786.6014864698951
11.398778420038536 786.6795859706658
11.403782273603081 786.7574381913961
11.408786127167629 786.8350431441352
11.413789980732176 786.9124008408955
11.418793834296723 786.9895112936533
11.42379768786127 787.0663745143482
11.428801541425818 787.1429905148836
11.433805394990365 787.2193593071263
11.438809248554913 787.2954809029065
11.44381310211946 787.3713553140185
11.448816955684007 787.4469825522198
11.453820809248555 787.5223626292316
11.458824662813102 787.5974955567389
11.463828516377648 787.67238134639
11.468832369942195 787.7470200097972
11.473836223506742 787.8214115585362
11.47884007707129 787.8955560041463
11.483843930635837 787.9694533581309
11.488847784200384 788.0431036319565
11.493851637764932 788.1165068370535
11.49885549132948 788.1896629848162
11.503859344894027 788.2625720866024
11.508863198458574 788.3352341537336
11.513867052023121 788.4076491974952
11.518870905587669 788.479817229136
11.523874759152214 788.5517382598688
11.528878612716762 788.6234123008701
11.533882466281309 788.69483936328
11.538886319845856 788.7660194582025
11.543890173410404 788.8369525967055
11.548894026974951 788.9076387898202
11.553897880539498 788.9780780485422
11.558901734104046 789.0482703838304
11.563905587668593 789.1182158066077
11.56890944123314 789.187914327761
11.573913294797688 789.2573659581404
11.578917148362235 789.3265707085606
11.58392100192678 789.3955285897995
11.588924855491328 789.4642396125993
11.593928709055875 789.5327037876658
11.598932562620423 789.6009211256687
11.60393641618497 789.6688916372416
11.608940269749517 789.7366153329818
11.613944123314065 789.8040922234509
11.618947976878612 789.8713223191738
11.62395183044316 789.9383056306399
11.628955684007707 790.005042168302
11.633959537572254 790.0715319425772
11.638963391136802 790.1377749638463
11.643967244701347 790.203771242454
11.648971098265894 790.2695207887091
11.653974951830442 790.3350236128842
11.65897880539499 790.400279725216
11.663982658959537 790.465289135905
11.668986512524084 790.5300518551156
11.673990366088631 790.5945678929766
11.678994219653179 790.6588372595802
11.683998073217726 790.7228599649831
11.689001926782273 790.7866360192056
11.69400578034682 790.8501654322323
11.699009633911368 790.9134482140117
11.704013487475914 790.9764843744563
11.709017341040461 791.0392739234426
11.714021194605008 791.1018168708111
11.719025048169556 791.1641132263666
11.724028901734103 791.2261629998776
11.72903275529865 791.2879662010769
11.734036608863198 791.3495228396612
11.739040462427745 791.4108329252914
11.744044315992292 791.4718964675924
11.74904816955684 791.5327134761533
11.754052023121387 791.5932839605271
11.759055876685933 791.653607930231
11.76405973025048 791.7136853947464
11.769063583815027 791.7735163635188
11.774067437379575 791.8331008459576
11.779071290944122 791.8924388514365
11.78407514450867 791.9515303892933
11.789078998073217 792.01037546883
11.794082851637764 792.0689740993126
11.799086705202312 792.1273262899715
11.804090558766859 792.185432050001
11.809094412331406 792.2432913885598
11.814098265895954 792.3009043147705
11.8191021194605 792.3582708377202
11.824105973025047 792.41539096646
11.829109826589594 792.4722647100052
11.834113680154141 792.5288920773354
11.839117533718689 792.5852730773943
11.844121387283236 792.6414077190898
11.849125240847783 792.6972960112942
11.85412909441233 792.7529379628438
11.859132947976878 792.8083335825394
11.864136801541425 792.8634828791457
11.869140655105973 792.918385861392
11.87414450867052 792.9730425379718
11.879148362235066 793.0274529175425
11.884152215799613 793.0816170087262
11.88915606936416 793.1355348201091
11.894159922928708 793.1892063602417
11.899163776493255 793.2426316376386
11.904167630057803 793.2958106607791
11.90917148362235 793.3487434381066
11.914175337186897 793.4014299780287
11.919179190751445 793.4538702889173
11.924183044315992 793.5060643791088
11.92918689788054 793.5580122569039
11.934190751445087 793.6097139305675
11.939194605009632 793.661169408329
11.94419845857418 793.712378698382
11.949202312138727 793.7633418088845
11.954206165703274 793.8140587479589
11.959210019267822 793.864529523692
11.964213872832369 793.9147541441348
11.969217726396916 793.9647326173028
11.974221579961464 794.0144649511759
11.979225433526011 794.0639511536982
11.984229287090558 794.1131912327785
11.989233140655106 794.1621851962898
11.994236994219653 794.2109330520694
11.999240847784199 794.2594348079194
12.004244701348746 794.307690471606
12.009248554913293 794.3557000508597
12.01425240847784 794.4034635533758
12.019256262042388 794.4509809868138
12.024260115606936 794.4982523587976
12.029263969171483 794.5452776769157
12.03426782273603 794.592056948721
12.039271676300578 794.6385901817309
12.044275529865125 794.6848773834271
12.049279383429672 794.7309185612559
12.05428323699422 794.7767137226281
12.059287090558765 794.8222628749188
12.064290944123313 794.8675660254678
12.06929479768786 794.9126231815793
12.074298651252407 794.9574343505219
12.079302504816955 795.0019995395289
12.084306358381502 795.046318755798
12.08931021194605 795.0903920064912
12.094314065510597 795.1342192987355
12.099317919075144 795.177800639622
12.104321772639691 795.2211360362065
12.109325626204239 795.2642254955093
12.114329479768784 795.3070690245153
12.119333333333332 795.3496666301737
12.124337186897879 795.3920183193986
12.129341040462426 795.4341240990684
12.134344894026974 795.4759839760262
12.139348747591521 795.5175979570796
12.144352601156069 795.5589660490007
12.149356454720616 795.6000882585263
12.154360308285163 795.6409645923577
12.15936416184971 795.6815950571608
12.164368015414258 795.7219796595662
12.169371868978805 795.7621184061688
12.17437572254335 795.8020113035284
12.179379576107898 795.8416583581693
12.184383429672446 795.8810595765804
12.189387283236993 795.920214965215
12.19439113680154 795.9591245304915
12.199394990366088 795.9977882787925
12.204398843930635 796.0362062164654
12.209402697495182 796.0743783498223
12.21440655105973 796.1123046851396
12.219410404624277 796.1499852286588
12.224414258188824 796.1874199865857
12.229418111753372 796.224608965091
12.234421965317917 796.2615521703098
12.239425818882465 796.2982496083421
12.244429672447012 796.3347012852523
12.24943352601156 796.3709072070698
12.254437379576107 796.4068673797883
12.259441233140654 796.4425818093665
12.264445086705202 796.4780505017277
12.269448940269749 796.5132734627597
12.274452793834296 796.5482506983152
12.279456647398844 796.5829822142115
12.284460500963391 796.6174680162305
12.289464354527938 796.6517081101192
12.294468208092484 796.6857025015888
12.299472061657031 796.7194511963155
12.304475915221579 796.7529541999402
12.309479768786126 796.7862115180684
12.314483622350673 796.8192231562704
12.31948747591522 796.8519891200813
12.324491329479768 796.8845094150007
12.329495183044315 796.9167840464933
12.334499036608863 796.9488130199882
12.33950289017341 796.9805963408794
12.344506743737957 797.0121340145257
12.349510597302505 797.0434260462505
12.35451445086705 797.0744724413421
12.359518304431598 797.1052732050534
12.364522157996145 797.1358283426023
12.369526011560692 797.1661378591712
12.37452986512524 797.1962017599074
12.379533718689787 797.226020049923
12.384537572254334 797.255592734295
12.389541425818882 797.2849198180647
12.39454527938343 797.3140013062389
12.399549132947977 797.3428372037886
12.404552986512524 797.3714275156498
12.409556840077071 797.3997722467234
12.414560693641617 797.4278714018749
12.419564547206164 797.4557249859347
12.424568400770712 797.4833330036981
12.429572254335259 797.5106954599252
12.434576107899806 797.5378123593407
12.439579961464354 797.5646837066344
12.444583815028901 797.5913095064606
12.449587668593448 797.6176897634386
12.454591522157996 797.6438244821528
12.459595375722543 797.669713667152
12.46459922928709 797.69535732295
12.469603082851636 797.7207554540255
12.474606936416183 797.745908064822
12.47961078998073 797.7708151597477
12.484614643545278 797.795476743176
12.489618497109825 797.8198928194448
12.494622350674373 797.844063392857
12.49962620423892 797.8679884676804
12.504630057803467 797.8916680481476
12.509633911368015 797.9151021384561
12.514637764932562 797.9382907427681
12.51964161849711 797.961233865211
12.524645472061657 797.9839315098768
12.529649325626202 798.0063836808225
12.53465317919075 798.02859038207
12.539657032755297 798.0505516176058
12.544660886319845 798.0722673913817
12.549664739884392 798.0937377073143
12.55466859344894 798.1149625692848
12.559672447013487 798.1359419811396
12.564676300578034 798.1566759466898
12.569680154142581 798.1771644697116
12.574684007707129 798.1974075539458
12.579687861271676 798.2174052030986
12.584691714836223 798.2371574208405
12.589695568400769 798.2566642108073
12.594699421965316 798.2759255765998
12.599703275529864 798.2949415217834
12.604707129094411 798.3137120498885
12.609710982658958 798.3322371644106
12.614714836223506 798.3505168688099
12.619718689788053 798.3685511665118
12.6247225433526 798.3863400609064
12.629726396917148 798.4038835553487
12.634730250481695 798.4211816531588
12.639734104046243 798.4382343576217
12.64473795761079 798.4550416719873
12.649741811175335 798.4716035994703
12.654745664739883 798.4879201432507
12.65974951830443 798.503991306473
12.664753371868978 798.5198170922471
12.669757225433525 798.5353975036475
12.674761078998072 798.5507325437138
12.67976493256262 798.5658222154507
12.684768786127167 798.5806665218274
12.689772639691714 798.5952654657787
12.694776493256262 798.6096190502037
12.699780346820809 798.623727277967
12.704784200385356 798.6375901518978
12.709788053949902 798.6512076747905
12.71479190751445 798.6645798494044
12.719795761078997 798.6777066784637
12.724799614643544 798.6905881646576
12.729803468208091 798.7032243106404
12.734807321772639 798.7156151190312
12.739811175337186 798.7277605924143
12.744815028901733 798.7396607333386
12.74981888246628 798.7513155443185
12.754822736030828 798.7627250278329
12.759826589595376 798.773889186326
12.764830443159923 798.7848080222068
12.769834296724468 798.7954815378494
12.774838150289016 798.8059097355929
12.779842003853563 798.8160926177413
12.78484585741811 798.8260301865638
12.789849710982658 798.8357224442943
12.794853564547205 798.845169393132
12.799857418111753 798.8543710352408
12.8048612716763 798.8633273727497
12.809865125240847 798.8720384077529
12.814868978805395 798.8805041423094
12.819872832369942 798.8887245784433
12.824876685934488 798.8966997181436
12.829880539499035 798.9044295633645
12.834884393063582 798.911914116025
12.83988824662813 798.9191533780091
12.844892100192677 798.9261473511662
12.849895953757224 798.9328960373102
12.854899807321772 798.9393994382203
12.859903660886319 798.9456575556408
12.864907514450866 798.9516703912807
12.869911368015414 798.9574379468143
12.874915221579961 798.9629602238807
12.879919075144509 798.9682372240843
12.884922928709054 798.9732689489942
12.889926782273601 798.978055400145
12.894930635838149 798.9825965790357
12.899934489402696 798.9868924871307
12.904938342967244 798.9909431258594
12.90994219653179 798.9947484966162
12.914946050096338 798.9983086007607
12.919949903660886 799.001623439617
12.924953757225433 799.0046930144748
12.92995761078998 799.0075173265886
12.934961464354528 799.010096377178
12.939965317919075 799.0124301674275
12.94496917148362 799.0145186984868
12.949973025048168 799.0163619714705
12.954976878612715 799.0179599874583
12.959980732177263 799.019312747495
12.96498458574181 799.0204202525902
12.969988439306357 799.0212825037188
12.974992292870905 799.0218995018207
12.979996146435452 799.0222712478007
12.985 799.0223977425288
